Power Outage,PRCP,TMAX,TMIN,Fastest 5 second wind speed,5 second wind speed squared,Fastest 2 minute wind speed,2 min wind speed squared,Average Wind Speed,Avg Wind Speed Squared,Fog/Ice,Heavy/Freezing Fog,Thunder,Smoke/Haze
0.0,0.0,0.8333333333333334,0.7530864197530864,0.41811104213157935,0.19899541761196743,0.3209586466165414,0.14055445163572647,0.06511175898931001,0.012297667802365467,1.0,1.0,2.7755575615628914e-17,1.0
0.0,0.048145224940805066,0.4414565826330533,0.4225749559082893,0.11208960840666071,0.022391346182666524,0.18408521303258144,0.0596490465890946,0.44328751908926833,0.23072744188703465,0.3428571428571429,0.028571428571428567,0.0285714285714286,0.22857142857142862
0.0,0.0,0.5098039215686274,0.5308641975308641,0.9309719961744325,0.8731042422284244,0.3861998746867168,0.19002715608300053,0.6953352769679301,0.5115345945653618,0.0,4.163336342344337e-17,2.7755575615628914e-17,0.0
0.0,0.2541436464088398,0.6078431372549019,0.5679012345679012,0.7204651084749744,0.5391059015078518,0.18648182957393486,0.06078061325993329,0.380466472303207,0.17595772348929942,1.0,4.163336342344337e-17,2.7755575615628914e-17,0.0
0.0,0.03024134922942717,0.7378740970072237,0.7047433398310587,0.06717014856307198,0.01066227648540709,0.1061741524864794,0.027464343667775948,0.21295585903534348,0.07198134588631128,0.32631578947368445,0.1578947368421053,0.052631578947368446,0.10526315789473692
0.0,0.0,0.3529411764705882,0.30864197530864196,0.17793922716824107,0.046149643079971825,0.33560463659147877,0.15104803999350408,0.923712342079689,0.8625728658121886,0.0,4.163336342344337e-17,2.7755575615628914e-17,0.0
0.0,0.0,0.803921568627451,0.728395061728395,0.32112954915350933,0.12477297807476789,0.23973997493734336,0.08879868467463903,0.173469387755102,0.049071652269676844,0.0,4.163336342344337e-17,2.7755575615628914e-17,0.0
0.0,0.5248618784530388,0.446078431372549,0.4567901234567901,0.6095068709206529,0.39517663595294733,0.29432957393483705,0.12238373586468301,0.3802235179786201,0.31603881615281637,1.0,4.163336342344337e-17,2.7755575615628914e-17,0.5
0.0,0.0,0.8872549019607843,0.8333333333333333,0.4269534723736975,0.20661120251047344,0.7809758771929824,0.6395464854835978,0.16277939747327502,0.047107532485410455,0.0,4.163336342344337e-17,0.5,0.0
0.0,0.2099447513812155,0.4019607843137255,0.5185185185185185,0.8636554304602425,0.75761846303221,1.0,1.0000000000000002,0.32604470359572396,0.13539377446955655,1.0,4.163336342344337e-17,2.7755575615628914e-17,1.0
0.0,0.14917127071823205,0.5,0.6296296296296295,0.7039212067316565,0.5162387678361441,0.8535401002506265,0.7501526581481524,0.380466472303207,0.17595772348929942,1.0,4.163336342344337e-17,2.7755575615628914e-17,0.0
0.0,0.20441988950276244,0.4117647058823529,0.49382716049382713,0.9999999999999999,0.9999999999999999,0.362233709273183,0.17103582734165187,0.369290573372206,0.1672082950260326,1.0,4.163336342344337e-17,2.7755575615628914e-17,0.0
0.0,0.0,0.5294117647058824,0.4506172839506173,0.5125253779425828,0.28752919176510294,0.1285635964912281,0.03737775711304219,0.227891156462585,0.08179079870926931,0.5,0.5,2.7755575615628914e-17,0.0
0.0,0.06560773480662983,0.5698529411764706,0.5478395061728395,0.17815315693216327,0.04624776877851119,0.27485706453634084,0.11003882266519233,0.46987366375121475,0.2746557156950952,0.5,0.12500000000000006,0.12500000000000003,0.0
0.0,0.010128913443830606,0.7258533042846766,0.6753543667123915,0.01635622770205565,0.00177520883781155,0.01802828831337594,0.003132552095993772,0.051110391246445674,0.010732151832689885,0.24074074074074103,0.20370370370370372,0.018518518518518514,0.11111111111111122
0.0,0.0,0.8431372549019608,0.8765432098765431,0.26351113273712645,0.08869641852727295,0.22908834586466167,0.0828199330338441,0.06511175898931001,0.012297667802365467,1.0,4.163336342344337e-17,1.0,1.0
0.0,0.03314917127071824,0.5882352941176471,0.6728395061728395,0.45490696152620014,0.23159424710163667,0.10925751879699253,0.029069783478854222,0.23347910592808552,0.08132814074798797,1.0,4.163336342344337e-17,2.7755575615628914e-17,1.0
0.0,0.19337016574585636,0.39215686274509803,0.5061728395061729,0.8636554304602425,0.75761846303221,0.5739348370927319,0.37164492559488405,0.47813411078717205,0.2616433709113614,1.0,4.163336342344337e-17,1.0,0.0
0.0,0.025092081031307563,0.4475081699346405,0.4459876543209877,0.12601371946956602,0.02676578856774315,0.2195740001044277,0.0777258131653904,0.5285370100421122,0.31687558911985253,0.2500000000000002,0.041666666666666664,2.0816681711721685e-17,0.08333333333333341
0.0,0.010576164167324415,0.326050420168067,0.3308641975308641,0.08741230078165263,0.01549888576895153,0.16403732545649838,0.05041367562844003,0.42272664167707896,0.2144393473395829,0.3428571428571429,0.08571428571428573,6.938893903907228e-18,0.20000000000000007
0.0,0.16022099447513813,0.4019607843137255,0.5185185185185185,0.7432842832933438,0.5714555158975352,0.5353226817042607,0.3295313610348826,0.053935860058309,0.009663887236417095,1.0,1.0,2.7755575615628914e-17,0.0
0.0,0.0,0.8333333333333334,0.8024691358024691,0.9606369234383126,0.9265865938444119,0.5473057644110276,0.3423373195125559,0.152089407191448,0.040202385459122233,1.0,1.0,2.7755575615628914e-17,1.0
0.0,0.16267648864333953,0.6546840958605664,0.6433470507544582,0.207477381238686,0.05935249224268889,0.37022243107769426,0.1773135165644866,0.7002483533095778,0.5236257489156964,0.2222222222222222,4.163336342344337e-17,0.11111111111111115,0.0
0.0,0.0,0.9215686274509803,0.7407407407407407,0.5658651990805215,0.3446334401986964,0.0679824561403509,0.01526443563377353,0.075801749271137,0.015019739526743008,0.0,4.163336342344337e-17,2.7755575615628914e-17,0.0
0.0,0.0,0.5049019607843137,0.4012345679012346,0.38131512273695867,0.16884654397295165,0.3935228696741855,0.19606379024580806,0.15719144800777451,0.04247675340914492,1.0,4.163336342344337e-17,2.7755575615628914e-17,0.5
0.0,1.0,0.8823529411764706,0.9876543209876543,0.4129767277974462,0.19464140565348637,0.5739348370927319,0.37164492559488405,0.18464528668610303,0.05402353666111109,1.0,4.163336342344337e-17,1.0,1.0
0.0,0.0,0.6127450980392157,0.6008230452674896,0.20636811579612638,0.058836366777599854,0.09549916457811197,0.024731769318568277,0.1827016520894072,0.057089486400839946,0.3333333333333333,4.163336342344337e-17,2.0816681711721685e-17,0.16666666666666666
0.0,0.0,0.3333333333333333,0.4691358024691358,0.6514371046494069,0.4469566770182387,0.43945802005012535,0.23562979114710317,0.336734693877551,0.14295608631310874,1.0,4.163336342344337e-17,2.7755575615628914e-17,0.0
0.0,0.017314522494080532,0.7225140056022405,0.6838624338624336,0.04310235310755452,0.005875158044823383,0.0686838468940208,0.015561554574185812,0.14421074552269886,0.040550209311793706,0.3125000000000003,0.1339285714285715,0.04464285714285717,0.18750000000000006
0.0,0.057170309872687966,0.6760443307757886,0.6226516371443908,0.10409935387010433,0.020051166152379875,0.056751934183284336,0.01268625826914855,0.09855494993028266,0.023493009848351922,0.3043478260869566,0.2173913043478261,3.469446951953614e-17,0.043478260869565286
0.0,0.06629834254143648,0.5396078431372549,0.52,0.14731589456198932,0.03413326160617611,0.2718013784461154,0.10796245937017612,0.5463556851311954,0.33683613652640054,0.36,0.16000000000000003,2.7755575615628914e-17,0.12000000000000002
0.0,0.0570902394106814,0.5816993464052288,0.5459533607681755,0.1331882898855499,0.029163360654606268,0.11591478696741858,0.031039091787552882,0.2655220818486125,0.09944670874051059,0.2222222222222222,4.163336342344337e-17,2.0816681711721685e-17,0.1111111111111111
0.0,0.08287292817679558,0.38235294117647056,0.35802469135802467,0.8568096780147318,0.7463312606201575,0.8002819548872181,0.6680913611176336,0.35860058309037895,0.15904207985289998,1.0,4.163336342344337e-17,2.7755575615628914e-17,0.0
0.0,0.04601174033149173,0.7231924019607842,0.6865354938271604,0.07634041678551651,0.012765102918114323,0.13130971961152885,0.036738759714178434,0.22041271865889212,0.07491243286491903,0.2656250000000003,0.10937500000000001,0.0625,0.1250000000000001
0.0,0.18600368324125233,0.6111111111111112,0.6090534979423868,0.4616576340766344,0.23784044778223165,0.31785192147034247,0.13850438459026762,0.43083900226757377,0.23548255727248743,1.0,0.3333333333333333,0.6666666666666666,0.33333333333333337
0.0,0.3259668508287293,0.5588235294117647,0.5555555555555556,0.6748267588382355,0.4772196826754137,1.0,1.0000000000000002,0.47813411078717205,0.2616433709113614,1.0,4.163336342344337e-17,2.7755575615628914e-17,0.0
0.0,0.046961325966850834,0.6470588235294118,0.654320987654321,0.3522206748435377,0.14673218348391714,0.28833803258145363,0.11848655694588542,0.24416909620991256,0.08838569756980125,1.0,0.5,2.7755575615628914e-17,0.5
0.0,0.0,0.38235294117647056,0.35802469135802467,0.9771808251816306,0.9571015983093327,0.22908834586466167,0.0828199330338441,0.075801749271137,0.015019739526743008,1.0,4.163336342344337e-17,2.7755575615628914e-17,1.0
0.0,0.007734806629834254,0.8647058823529412,0.8567901234567902,0.4264400409402842,0.20616525252732437,0.21151315789473688,0.07368709682646896,0.25850340136054417,0.0969586871125227,0.5999999999999999,0.2,2.7755575615628914e-17,0.4
0.0,0.03314917127071823,0.4117647058823529,0.5308641975308641,0.7370090102182922,0.5624658979640108,0.29432957393483705,0.12238373586468301,0.19533527696793002,0.058962925088127276,1.0,4.163336342344337e-17,2.7755575615628914e-17,0.0
0.0,0.0,0.8137254901960784,0.7654320987654321,0.4357959026158157,0.21435591703154708,0.9467418546365916,0.9050433562932568,0.021379980563654005,0.0032268267461164086,1.0,1.0,2.7755575615628914e-17,0.0
0.0,0.01841620626151013,0.7418300653594772,0.6872427983539094,0.3787479655698921,0.16682776980322586,0.13100459482038432,0.03662088818596608,0.15192743764172337,0.04445709063357135,0.6666666666666666,4.163336342344337e-17,3.469446951953614e-17,0.33333333333333337
0.0,0.850828729281768,0.7254901960784313,0.8395061728395061,0.697645933656605,0.5076939571004779,0.6817825814536341,0.5023290064962895,0.108357628765792,0.024531216967635043,1.0,4.163336342344337e-17,1.0,0.0
0.0,0.016574585635359115,0.7450980392156863,0.8641975308641975,0.8687897447943758,0.7661392459745797,0.29432957393483705,0.12238373586468301,0.021379980563654005,0.0032268267461164086,0.0,4.163336342344337e-17,2.7755575615628914e-17,0.0
0.0,0.0570902394106814,0.7418300653594772,0.6584362139917695,0.22795125197850077,0.06944068172284852,0.21444235588972435,0.07501385215381598,0.25332037576935534,0.09360815714706344,0.3333333333333333,4.163336342344337e-17,0.33333333333333337,0.6666666666666666
0.0,0.35911602209944754,0.7745098039215687,0.8271604938271604,0.26351113273712645,0.08869641852727295,0.4660870927318296,0.26018956504409413,0.40184645286686105,0.19329966387904235,0.0,4.163336342344337e-17,2.7755575615628914e-17,0.0
0.0,0.14838200473559593,0.5873015873015873,0.5790711346266901,0.1578094550963223,0.03806546272311514,0.23200486334884826,0.08457545863817553,0.4153824795224212,0.22068435041704335,0.47619047619047616,1.3877787807814457e-17,0.1904761904761905,0.19047619047619047
0.0,0.026519337016574593,0.7215686274509803,0.6197530864197531,0.24799409386063523,0.08001582145729343,0.0767700501253133,0.018928765622247025,0.10408163265306122,0.02818339814846682,1.0,0.9999999999999998,0.20000000000000004,0.2
0.0,0.03314917127071823,0.3627450980392157,0.4074074074074074,0.9771808251816306,0.9571015983093327,0.6924342105263158,0.5162794269914777,0.14091350826044702,0.03588185454861299,1.0,4.163336342344337e-17,2.7755575615628914e-17,0.0
0.0,0.0,0.7647058823529411,0.7037037037037037,0.697645933656605,0.5076939571004779,0.055999373433583965,0.011954141526774563,0.0,0.0,1.0,1.0,2.7755575615628914e-17,1.0
0.0,0.17817679558011051,0.6348039215686274,0.611111111111111,0.20318293931106227,0.057350330785062895,0.29499530075187974,0.1228973516612758,0.3612730806608357,0.1711182003516897,0.75,0.25000000000000006,2.7755575615628914e-17,0.5
0.0,0.0,0.7875816993464052,0.7530864197530864,0.4260977533180087,0.2058679525385583,0.41859857978279025,0.21734037957142627,0.08309037900874633,0.018794681608289357,0.6666666666666666,0.6666666666666665,3.469446951953614e-17,0.33333333333333337
0.0,0.044198895027624314,0.4019607843137255,0.43209876543209874,0.32112954915350933,0.12477297807476789,0.4660870927318296,0.26018956504409413,0.14091350826044702,0.03588185454861299,1.0,4.163336342344337e-17,2.7755575615628914e-17,1.0
0.0,0.0,0.3529411764705882,0.41975308641975306,0.6120740280877196,0.3982502888527715,0.5206766917293233,0.31420201767352085,0.24975704567541301,0.08718331948534655,1.0,4.163336342344337e-17,2.7755575615628914e-17,1.0
0.0,0.049723756906077346,0.45098039215686275,0.5555555555555556,0.5658651990805215,0.3446334401986964,0.362233709273183,0.17103582734165187,0.684645286686103,0.49732033261389363,1.0,4.163336342344337e-17,1.0,0.0
0.0,0.014364640883977896,0.6803921568627451,0.6839506172839506,0.32968673971039786,0.13065949441058627,0.12656641604010024,0.03651948386892121,0.20417881438289603,0.07182987625307893,0.7999999999999999,0.4,2.7755575615628914e-17,0.0
0.0,0.0,0.3529411764705882,0.4691358024691358,0.5036829477004647,0.27855085517355316,0.4274749373433584,0.2249603571528316,0.413022351797862,0.2026804458232342,0.0,4.163336342344337e-17,2.7755575615628914e-17,0.0
0.0,0.03365143144148668,0.4652406417112299,0.48148148148148145,0.1610841548592182,0.03933968164168902,0.30498120300751885,0.12959447269206603,0.7448537856701122,0.5840400350587225,0.3636363636363636,2.7755575615628914e-17,0.09090909090909094,2.7755575615628914e-17
0.0,0.005524861878453036,0.8431372549019608,0.9012345679012346,0.6514371046494069,0.4469566770182387,0.17449874686716796,0.05512277990573985,0.053935860058309,0.009663887236417095,1.0,4.163336342344337e-17,2.7755575615628914e-17,0.0
0.0,0.0,0.7196078431372549,0.6814814814814815,0.1700666118559036,0.04293806478618732,0.04987468671679199,0.010881190068100528,0.12798833819241984,0.03178207201936424,0.39999999999999997,0.4,2.7755575615628914e-17,0.0
0.0,0.26726519337016574,0.5575980392156863,0.5509259259259258,0.19048977331834427,0.05157640810258902,0.3470884241854637,0.15971558131981461,0.32045675413022345,0.17304616377989404,0.5,4.163336342344337e-17,0.3750000000000001,0.37500000000000006
0.0,0.04708689100954294,0.7045454545454546,0.6790123456790124,0.11272306277256025,0.022583638930398258,0.17843258714969237,0.05703143775185147,0.2945269016697588,0.11844340844022505,0.34090909090909105,0.06818181818181818,0.11363636363636367,0.15909090909090917
0.0,0.005524861878453036,0.8823529411764706,0.8888888888888888,0.41811104213157935,0.19899541761196743,0.6658051378446115,0.4817550670264951,0.293488824101069,0.11358462922629908,1.0,4.163336342344337e-17,2.7755575615628914e-17,1.0
0.0,0.06445672191528547,0.6479925303454714,0.5996472663139331,0.14680735295175135,0.03394754267089422,0.23390693996897008,0.08554135359863171,0.38173909019390073,0.18252891318393116,0.2380952380952381,0.04761904761904762,0.04761904761904765,0.1428571428571429
0.0,0.06023005162575854,0.5683060109289618,0.5462456992511637,0.10283234480499315,0.01967678403530729,0.16744859073914295,0.05195787074301156,0.33392279628479027,0.14779594023612425,0.3114754098360658,0.11475409836065574,0.04918032786885247,0.11475409836065584
0.0,0.010359116022099445,0.633578431372549,0.595679012345679,0.0612761959093273,0.009415542457382232,0.014724310776942376,0.002575707580429543,0.04130223517978618,0.008618476901721904,0.5,0.25,3.469446951953614e-17,0.0625
0.0,0.12569060773480667,0.8186274509803921,0.8117283950617283,0.30458564741019145,0.11386113667750862,0.28833803258145363,0.11880894061279101,0.206268221574344,0.07947894286599247,0.25,0.25000000000000006,2.7755575615628914e-17,0.0
0.0,0.023480662983425413,0.7916666666666666,0.7037037037037037,0.4054178761388614,0.18835440167756745,0.11524906015037598,0.030827507153641853,0.18185131195335275,0.05457515154941766,0.49999999999999994,0.5,2.7755575615628914e-17,0.25
0.0,0.0,0.7581699346405228,0.7407407407407407,0.33672265194606177,0.13557200605228054,0.3347170008354219,0.15071491020436825,0.1954972465176547,0.0599227926937257,0.6666666666666666,0.33333333333333337,3.469446951953614e-17,0.6666666666666666
0.0,0.10093497662558437,0.6625188536953243,0.6438746438746439,0.12444581543056349,0.0262587550766329,0.1752668931945248,0.055559857761833024,0.3271473424534649,0.14763576195632155,0.3461538461538462,0.07692307692307693,0.11538461538461542,0.15384615384615388
0.0,0.023346996970237035,0.7020872865275143,0.6762246117084827,0.0881715378424297,0.015696541848056602,0.09899244077936781,0.025029635439740495,0.20732624847173892,0.06903604029095417,0.2258064516129034,0.09677419354838711,0.06451612903225812,0.032258064516129115
0.0,0.0,0.7647058823529411,0.8024691358024691,0.9771808251816306,0.9571015983093327,0.40084586466165417,0.20210042440861561,0.075801749271137,0.015019739526743008,0.0,4.163336342344337e-17,2.7755575615628914e-17,0.0
0.0,0.046704355646922796,0.736662106703146,0.7057134654033875,0.05097439983580178,0.007326691766849228,0.08323224485632683,0.01988949962037629,0.17219811512644922,0.05303157480098596,0.19767441860465146,0.08139534883720947,0.023255813953488448,0.08139534883720917
0.0,0.04102503820383214,0.5006257822277848,0.508274231678487,0.12323389689888414,0.02586348344161884,0.1997397083133365,0.06737706946636982,0.4530736306680727,0.24303835744152247,0.0851063829787237,0.02127659574468084,0.021276595744680857,0.0851063829787235
0.0,0.0143646408839779,0.7117647058823529,0.6938271604938272,0.19026158157016057,0.051487329454269606,0.17156954887218048,0.05429718464240065,0.2824101068999028,0.1121310822570416,0.0,4.163336342344337e-17,2.7755575615628914e-17,0.0
0.0,0.09944751381215469,0.5490196078431373,0.5432098765432098,0.748418597627477,0.5788634017796511,0.37421679197994984,0.18041279590769277,0.7604470359572401,0.6023945955158745,1.0,4.163336342344337e-17,2.7755575615628914e-17,0.0
0.0,0.6022099447513813,0.5098039215686274,0.4074074074074074,0.21901374184130604,0.06492648447572291,0.43945802005012535,0.23562979114710317,0.510689990281827,0.29388357366555395,1.0,1.0,2.7755575615628914e-17,0.0
0.0,0.0,0.8529411764705882,0.7777777777777777,0.9885904125908153,0.9784335904068776,0.40084586466165417,0.20210042440861561,0.06511175898931001,0.012297667802365467,1.0,1.0,2.7755575615628914e-17,0.0
0.0,0.21731123388581955,0.8169934640522876,0.7777777777777777,0.28100583343120966,0.09903813704049665,0.18248746867167917,0.059109591253139214,0.2389050858438614,0.08796769731742374,1.0,4.163336342344337e-17,0.33333333333333337,0.6666666666666666
0.0,0.016254303787332877,0.46518897414038074,0.4190373948828054,0.027770867666051233,0.0033666622790201575,0.05812198067632843,0.012545178249434873,0.13275869353952763,0.03696800294454686,0.3623188405797103,0.13043478260869568,6.938893903907228e-17,0.08695652173913053
0.0,0.04223449969306323,0.6029411764705883,0.5809327846364885,0.08927405567953228,0.01597854861585447,0.13152238234475078,0.0368238433580862,0.3065489687938667,0.12823673474850475,0.3000000000000003,0.07777777777777782,0.07777777777777782,0.12222222222222232
0.0,0.13466850828729285,0.7830882352941176,0.8009259259259259,0.25887598785214516,0.08606416644607436,0.10975681390977443,0.029908164185346815,0.19685374149659862,0.06541634812199995,0.5,0.12500000000000006,2.0816681711721685e-17,0.25
0.0,0.0,0.5294117647058824,0.5432098765432098,0.39015755297907684,0.17586456425773528,0.2823464912280702,0.11458937802708782,0.4562682215743441,0.2410219568434457,1.0,4.163336342344337e-17,2.7755575615628914e-17,0.0
0.0,0.03038674033149171,0.7173202614379085,0.6893004115226338,0.15084145707142735,0.035440572816387024,0.07841217627401842,0.01966130923627481,0.15650307742144476,0.05042894958513399,0.5833333333333333,0.16666666666666669,0.08333333333333337,0.25
0.0,0.09944751381215469,0.7058823529411764,0.7160493827160493,0.3062970855215692,0.11491982469191012,0.11813387635756062,0.03182469845059307,0.16277939747327502,0.05156715781952387,0.0,4.163336342344337e-17,3.469446951953614e-17,0.0
0.0,0.0382794001578532,0.5777310924369748,0.537037037037037,0.16742610734120658,0.04183631930108029,0.28091993376297897,0.11373056049885388,0.5905872553102873,0.3883855483205776,0.2857142857142857,1.3877787807814457e-17,2.7755575615628914e-17,0.14285714285714285
0.0,0.04931233102151173,0.5423445974134334,0.5296821644339375,0.07707968825694272,0.0129361409912609,0.11581563616488036,0.030896722989283115,0.2908214957715609,0.11560048064700698,0.2446808510638301,0.04255319148936189,0.021276595744680882,0.07446808510638286
0.0,0.005524861878453036,0.696078431372549,0.654320987654321,0.697645933656605,0.5076939571004779,0.2677005012531328,0.10538532433693265,0.075801749271137,0.015019739526743008,1.0,1.0,2.7755575615628914e-17,0.0
0.0,0.026243093922651936,0.6744281045751634,0.6491769547325104,0.11799135332248303,0.024212438729522105,0.10426456766917297,0.027095794094184063,0.2077057013281503,0.06940271441026424,0.29166666666666663,0.125,0.04166666666666669,0.04166666666666673
0.0,0.030386740331491715,0.8235294117647058,0.7901234567901234,0.4357959026158157,0.21435591703154708,0.18049028822055138,0.05795169658283656,0.21161321671525757,0.07611547991878034,1.0,0.5,2.7755575615628914e-17,0.5
0.0,0.08325395313393028,0.6734279918864098,0.6385696040868455,0.12596658934916172,0.0267513932368927,0.22188013136289,0.07897452246406605,0.2673838008109648,0.11034696652234358,0.3103448275862069,0.06896551724137934,0.13793103448275865,0.06896551724137936
0.0,0.3950276243093923,0.7303921568627451,0.7654320987654321,0.2666487692746523,0.09051593782575791,0.3935228696741855,0.19606379024580806,0.47789115646258506,0.27617791877049547,0.0,4.163336342344337e-17,2.7755575615628914e-17,0.0
0.0,0.16223003515821197,0.6853832442067735,0.6554433221099888,0.1558979787641342,0.037339674190785335,0.27036340852130325,0.1070587886442336,0.34168212739641307,0.15319655708804625,0.45454545454545453,0.09090909090909094,0.2727272727272728,0.18181818181818182
0.0,0.02092750711535242,0.45365418894830667,0.46689113355780026,0.09188327849714784,0.016664184272616043,0.1831733690286322,0.05928956659776296,0.40686750890832524,0.20569011716583735,0.30303030303030304,0.030303030303030304,0.030303030303030325,0.15151515151515157
0.0,0.01129346766330844,0.35164359861591676,0.3188090050835145,0.04930451853219013,0.007006415756923576,0.08623120300751885,0.02081977856552026,0.2265977819699308,0.07836485895249454,0.35294117647058837,0.02941176470588247,6.938893903907228e-17,0.14705882352941185
0.0,0.00385066130922487,0.6978609625668449,0.6487093153759821,0.07691251683600547,0.012895869754505533,0.06491607807397287,0.014773311204575736,0.12562947256824805,0.034950821396428314,0.3939393939393939,0.12121212121212122,0.09090909090909094,0.21212121212121215
0.0,0.009208103130755067,0.7745098039215687,0.6337448559670782,0.33672265194606177,0.13557200605228054,0.23130743525480366,0.08459743934273728,0.23890508584386133,0.09534263797866374,1.0,0.33333333333333337,3.469446951953614e-17,0.33333333333333337
0.0,0.001381215469613261,0.7598039215686274,0.7407407407407407,0.4285222906424604,0.20798994366180548,0.30165256892230574,0.12744003060403666,0.13836248785228375,0.04021257683993858,1.0,0.5,2.7755575615628914e-17,0.5
0.0,0.0,0.0,0.09876543209876543,0.29831037433513985,0.10977025835781323,0.43945802005012535,0.23562979114710317,0.010689990281827003,0.0015142650652166367,1.0,4.163336342344337e-17,2.7755575615628914e-17,1.0
0.0,0.2350577599196384,0.7406417112299465,0.7160493827160493,0.14557748833491713,0.033514433514941995,0.17728269537480065,0.056495841250696906,0.31601731601731603,0.1400401688456202,0.09090909090909088,0.09090909090909094,0.09090909090909094,2.7755575615628914e-17
0.0,0.1933701657458564,0.4019607843137255,0.48765432098765427,0.46631654893538477,0.2421957783391253,0.21510808270676693,0.07541902980790419,0.391156462585034,0.18544912544637224,1.0,0.5,2.7755575615628914e-17,0.0
0.0,0.045580110497237564,0.7254901960784313,0.7314814814814814,0.2184432624708468,0.06467419264610771,0.285342261904762,0.11653796748648662,0.16557337220602522,0.05602929258911467,0.75,0.5,0.25,0.5
0.0,0.01628380343123004,0.7382868937048501,0.7052631578947366,0.034526718480794,0.004424186341714974,0.05728878116343489,0.012381909175129869,0.10925783847373535,0.02757559185157029,0.3894736842105265,0.16842105263157908,0.04210526315789477,0.1894736842105264
0.0,0.08943370165745859,0.6268382352941176,0.6049382716049383,0.16168056511015283,0.03957782184692632,0.30073719454887227,0.12669259506266833,0.4332786686103013,0.23228152905946772,0.18749999999999997,1.3877787807814457e-17,0.06250000000000003,0.125
0.0,0.0,0.7450980392156863,0.7654320987654321,0.4637493917683182,0.2397840618424379,0.4274749373433584,0.2249603571528316,0.282312925170068,0.10652195110759313,1.0,1.0,2.7755575615628914e-17,0.0
0.0,0.017387065323366927,0.3993656286043829,0.34713144517066086,0.0,0.0,0.0,0.0,0.03944434916823866,0.010992411900920318,0.4411764705882353,0.2647058823529412,1.3877787807814457e-17,0.32352941176470595
0.0,0.056353591160221005,0.5980392156862745,0.5802469135802468,0.21878555009312237,0.06482556774387684,0.38140664160401005,0.18618141201287744,0.6388726919339164,0.48552721498139134,0.39999999999999997,4.163336342344337e-17,2.7755575615628914e-17,0.0
0.0,0.034361945829403044,0.4705882352941177,0.4775669978922012,0.10284466223242411,0.019680270069975126,0.18554006968641115,0.06039886382021945,0.4480788831211927,0.23893240275821365,0.12195121951219537,0.0,0.0,0.048780487804878134
0.0,0.010531767955801134,0.3795955882352939,0.33043981481481455,0.06561718736891554,0.01032007807610805,0.10372366463032587,0.026601854081049682,0.2472515792031098,0.0901051794031272,0.2812500000000002,0.046875,6.245004513516506e-17,0.26562500000000006
0.0,0.04078648033799156,0.32266435986159164,0.35403050108932466,0.11176362019496972,0.022296180559041777,0.2008536967418547,0.06795041739202992,0.5528497113130968,0.3416597426732679,0.26470588235294135,0.0,1.3877787807814457e-17,0.17647058823529418
0.0,0.0,0.23529411764705882,0.345679012345679,0.4067014547223947,0.18938430029329334,0.6391760651629073,0.44840301130480564,0.18464528668610303,0.05402353666111109,1.0,4.163336342344337e-17,2.7755575615628914e-17,1.0
0.0,0.5138121546961326,0.7352941176470588,0.691358024691358,0.5727109515260322,0.35233405492841446,0.22908834586466167,0.0828199330338441,0.26044703595724,0.09333051457152364,1.0,4.163336342344337e-17,2.7755575615628914e-17,0.0
0.0,0.13259668508287292,0.5686274509803921,0.654320987654321,0.6069397137535864,0.3921029830531232,0.37421679197994984,0.18041279590769277,0.24975704567541301,0.08718331948534655,1.0,1.0,2.7755575615628914e-17,0.0
0.0,0.11335492474757099,0.46889790398918196,0.5125585355470413,0.14750710350960528,0.03420472782138384,0.2254612825166364,0.08094914768904057,0.5777286283971717,0.3696364904878374,0.44827586206896547,0.10344827586206898,0.03448275862068968,0.103448275862069
0.0,0.05524861878453039,0.4019607843137255,0.41975308641975306,0.521367808184701,0.2966364579792203,0.29432957393483705,0.12238373586468301,0.31486880466472306,0.12769974286992564,1.0,1.0,2.7755575615628914e-17,0.0
0.0,0.0,0.7091503267973855,0.6337448559670782,0.4129767277974462,0.19464140565348637,0.20911654135338345,0.0725324748388455,0.09037900874635568,0.020856515737267364,0.6666666666666666,0.33333333333333337,3.469446951953614e-17,0.6666666666666666
0.0,0.09116022099447517,0.4898190045248869,0.5071225071225072,0.134626678041836,0.02964478055938585,0.20450766338924234,0.06979991631020793,0.444998878672348,0.24080233199593426,0.2692307692307692,0.038461538461538484,0.0384615384615385,0.07692307692307697
0.0,0.02357274401473296,0.6764705882352942,0.6222222222222221,0.1289160332667774,0.027733628814288303,0.04996345029239771,0.01120738372379684,0.07657920310981528,0.018141272408746675,0.4666666666666667,0.26666666666666666,3.469446951953614e-17,0.13333333333333333
0.0,0.08502148557397178,0.6149237472766884,0.6049382716049383,0.1753720700011745,0.045082896964159846,0.3098631996658313,0.13297436496259987,0.5292894935752079,0.33200048736537374,0.3333333333333333,0.055555555555555566,0.055555555555555594,0.16666666666666669
0.0,0.06289842753931152,0.37707390648567124,0.3988603988603989,0.1580163322306647,0.038145051970892435,0.2755868035473299,0.11034135324701619,0.596770576362413,0.3921878129900294,0.30769230769230765,1.3877787807814457e-17,2.7755575615628914e-17,0.07692307692307693
0.0,0.0,0.8088235294117647,0.7530864197530864,0.39529186731321,0.18000760047019668,0.3682252506265664,0.17572431162467234,0.304178814382896,0.16579481708366314,1.0,0.5,0.5,0.0
0.0,0.0,0.18627450980392157,0.07407407407407407,0.34908303830601184,0.14442917810080375,0.37421679197994984,0.18041279590769277,0.35860058309037895,0.15904207985289998,0.0,4.163336342344337e-17,2.7755575615628914e-17,1.0
0.0,0.001381215469613261,0.6899509803921569,0.6466049382716049,0.17109347472273026,0.0433291610753713,0.22093319235588973,0.07848588761188177,0.32039601554907676,0.15496632132737462,0.12499999999999997,0.12500000000000006,0.12500000000000003,0.125
0.0,0.01657458563535914,0.5070806100217865,0.4612482853223594,0.07953153576402286,0.01352678579700592,0.16148008911166808,0.04926256124954452,0.3050561494439046,0.1272673517732798,0.25000000000000017,0.1388888888888889,0.02777777777777779,0.13888888888888895
0.0,0.013812154696132598,0.75,0.7592592592592592,0.41811104213157935,0.19899541761196743,0.37421679197994984,0.18053149171232621,0.22254616132167154,0.07552991083207555,1.0,0.5,2.7755575615628914e-17,1.0
0.0,0.054775059194948704,0.5112044817927172,0.47195767195767196,0.13549556200607396,0.029944244401957237,0.2336533297529538,0.08538225516561335,0.48893516590309594,0.2811002137717117,0.25714285714285734,0.0,6.938893903907228e-18,0.02857142857142865
0.0,0.16574585635359115,0.4803921568627451,0.5246913580246914,0.252672024698401,0.08260713105778007,0.28101503759398494,0.11388453010080782,0.41812439261418854,0.2091040885156761,1.0,4.163336342344337e-17,2.7755575615628914e-17,0.0
0.0,0.21915285451197056,0.6405228758169934,0.6584362139917695,0.23936083938768551,0.07537925827747641,0.41859857978279025,0.21734037957142627,0.6593780369290574,0.47985561766664425,0.3333333333333333,0.33333333333333337,0.33333333333333337,0.33333333333333337
0.0,0.008287292817679558,0.7794117647058824,0.7222222222222222,0.4212486786691052,0.2016884351033477,0.0886199874686717,0.022401570404972496,0.14115646258503398,0.046206286658243154,1.0,0.5,0.5,0.5
0.0,0.03314917127071823,0.6876750700280112,0.656084656084656,0.19643905818170485,0.054252827998077104,0.06703141783029004,0.015336657948762128,0.12557267805081218,0.03256135196619172,0.7142857142857142,0.42857142857142855,2.0816681711721685e-17,0.28571428571428575
0.0,0.022099447513812157,0.3284313725490196,0.4506172839506173,0.34908303830601184,0.14442917810080375,0.21311090225563908,0.07478964896728615,0.456511175898931,0.2643047040545923,0.5,4.163336342344337e-17,2.7755575615628914e-17,0.0
0.0,0.040167239062266706,0.4891361950185478,0.488988988988989,0.07957008166743229,0.013536071422464187,0.1327198909435752,0.03728351731753828,0.35438499724214007,0.1583959327446267,0.2702702702702706,0.0405405405405406,0.06756756756756757,0.0945945945945947
0.0,0.008839779005524863,0.5705882352941176,0.5777777777777777,0.17234852933774056,0.043852293018939247,0.13189223057644112,0.037504219433287446,0.27793974732750243,0.11598311692781185,0.39999999999999997,4.163336342344337e-17,2.7755575615628914e-17,0.2
0.0,0.040788486460677995,0.43694020818203805,0.43042219173906404,0.06859734783022091,0.010976762977927835,0.12059953123549619,0.03266322162461525,0.3099317328342272,0.12852075631029258,0.2962962962962965,0.0370370370370371,0.012345679012345769,0.13580246913580254
0.0,0.19889502762430938,0.47058823529411764,0.5802469135802468,0.4357959026158157,0.21435591703154708,0.7470238095238095,0.5907192810602871,0.35860058309037895,0.15904207985289998,1.0,4.163336342344337e-17,1.0,0.0
0.0,0.005524861878453036,0.7647058823529411,0.7777777777777777,0.42438631520663095,0.204381452594728,0.5473057644110276,0.3423373195125559,0.227891156462585,0.07522713975978251,1.0,4.163336342344337e-17,2.7755575615628914e-17,1.0
0.0,0.06035493052067639,0.6683006535947713,0.6569397680508791,0.09015455313211987,0.01620920122438169,0.1642505885926939,0.05051367038919235,0.28619283211119945,0.11520554452335091,0.4090909090909092,0.09090909090909093,0.1515151515151515,0.19696969696969704
0.0,0.08287292817679558,0.42892156862745096,0.3780864197530864,0.18763737646604808,0.05031348384516569,0.31496710526315796,0.13639350426218794,0.6791788143828961,0.49770494201053095,0.375,0.12500000000000006,2.0816681711721685e-17,0.125
0.0,0.03591160220994475,0.5980392156862745,0.5493827160493827,0.11383160791288444,0.02292015123892879,0.2400728383458647,0.08920862481471561,0.29464285714285715,0.14371846817503203,0.375,4.163336342344337e-17,0.12500000000000003,0.25
0.0,0.08655616942909762,0.5326797385620915,0.5308641975308641,0.2169219841496222,0.06390471721687484,0.3307226399331663,0.14755017720757824,0.6736313573048267,0.4936025442056691,0.6666666666666666,4.163336342344337e-17,3.469446951953614e-17,0.0
0.0,0.05586249232658073,0.5718954248366013,0.5994513031550068,0.19790600513431436,0.054903085386702036,0.3231777360066834,0.14220300447785741,0.6712558039088652,0.4865601464226581,0.1111111111111111,4.163336342344337e-17,2.0816681711721685e-17,0.0
0.0,0.0,0.7614379084967321,0.728395061728395,0.41259640821714005,0.1943403745195824,0.29521720969089393,0.12306855692680674,0.24619371558147068,0.08601470781840401,0.6666666666666666,4.163336342344337e-17,0.33333333333333337,0.33333333333333337
0.0,0.014472736007686799,0.3566709292412614,0.31360708534621534,0.039473962577428745,0.005240433090294995,0.07309118584504742,0.016816830857470225,0.1904709088604386,0.060339335974248114,0.3586956521739132,0.04347826086956527,6.245004513516506e-17,0.14130434782608706
0.0,0.0,0.2549019607843137,0.14814814814814814,0.3719022131243813,0.16151821352839746,0.22908834586466167,0.0828199330338441,0.152089407191448,0.040202385459122233,1.0,4.163336342344337e-17,2.7755575615628914e-17,0.0
0.0,0.01841620626151013,0.80718954248366,0.8086419753086419,0.18934881457742578,0.0510606896123187,0.2863408521303258,0.1172949585285881,0.27866861030126333,0.13377390826241364,0.49999999999999994,4.163336342344337e-17,0.5000000000000001,0.16666666666666666
0.0,0.0020718232044198838,0.5453431372549019,0.5324074074074074,0.13315659658719103,0.029154228139674398,0.27652138157894735,0.11096164591170962,0.4195821185617104,0.2554331838734048,0.0,4.163336342344337e-17,2.0816681711721685e-17,0.0
0.0,0.024072612470402537,0.6512605042016808,0.6347001763668431,0.06338493215370343,0.009850067727141958,0.06812511188686005,0.015372926111289025,0.15449291961682632,0.04488124253900203,0.4642857142857144,0.125,0.07142857142857147,0.19642857142857148
0.0,0.0,0.9607843137254902,0.9876543209876543,0.21273846876625443,0.06186118269917871,0.23973997493734336,0.08879868467463903,0.4562682215743441,0.2410219568434457,0.0,4.163336342344337e-17,2.7755575615628914e-17,1.0
0.0,0.07989800254993625,0.6764705882352942,0.6519468186134852,0.10417185626501219,0.020068284901597042,0.13112408424908428,0.036697482487246615,0.2787059878896614,0.10943917575925355,0.423076923076923,0.03846153846153847,0.15384615384615385,0.15384615384615388
0.0,0.0076427255985267286,0.337581699346405,0.26666666666666633,0.02030626912084657,0.002310987930845765,0.020937761069339922,0.0037314041802760326,0.09526239067055395,0.023713642889099752,0.3666666666666667,0.03333333333333338,5.551115123125783e-17,0.2833333333333334
0.0,0.0,0.7058823529411764,0.5432098765432098,0.4409302169499488,0.21892090473604783,0.029370300751879713,0.005447852976497707,0.010689990281827003,0.0015142650652166367,0.0,4.163336342344337e-17,2.7755575615628914e-17,0.0
0.0,0.08839779005524862,0.6601307189542484,0.6337448559670782,0.19733552576385507,0.05466661673803831,0.22376253132832083,0.07994778763777594,0.22076449627470035,0.09258697054667045,0.3333333333333333,0.3333333333333333,3.469446951953614e-17,0.0
0.0,0.06597335066623337,0.6346597462514417,0.6085693536673928,0.11330727025621234,0.022762878214207524,0.20500469924812034,0.07001927578491804,0.33320471045561084,0.14825670692271128,0.32352941176470595,0.058823529411764705,0.05882352941176474,0.17647058823529418
0.0,0.005524861878453036,0.3897058823529412,0.4290123456790123,0.1974781456064699,0.054707273522427526,0.3682252506265664,0.17572431162467234,0.7879008746355686,0.6439579144112476,0.75,4.163336342344337e-17,2.7755575615628914e-17,0.25
0.0,0.0,0.4215686274509804,0.41975308641975306,0.39529186731321,0.18000760047019668,0.43945802005012535,0.23562979114710317,0.336734693877551,0.14295608631310874,1.0,4.163336342344337e-17,2.7755575615628914e-17,0.0
0.0,0.01104972375690608,0.28431372549019607,0.32098765432098764,0.28176647259182197,0.09947962332383412,0.23973997493734336,0.08879868467463903,0.608357628765792,0.4016391427686469,1.0,4.163336342344337e-17,2.7755575615628914e-17,1.0
0.0,0.025572217837411235,0.7369747899159662,0.6913580246913578,0.029060410888965063,0.0035761272940680717,0.024653150733977724,0.004474840454564448,0.08814382896015546,0.021239891145225002,0.4285714285714287,0.2285714285714286,0.014285714285714297,0.12857142857142867
0.0,0.047212456052235056,0.6782531194295901,0.590347923681257,0.0902928511613221,0.016245429382789122,0.044379414445203935,0.00951841302855053,0.07686191359660743,0.017843678502039665,0.5454545454545454,0.18181818181818188,0.09090909090909095,0.09090909090909091
0.0,0.0299844445636432,0.5590138968208642,0.5430900155819249,0.05773977767594661,0.008656931596300026,0.09864466992724535,0.024889451827020938,0.2371517261550945,0.08468465165897168,0.2330097087378644,0.05825242718446624,0.02912621359223309,0.13592233009708724
1.0,0.0,0.38235294117647056,0.3950617283950617,0.1448514236816054,0.033233239073656176,0.2677005012531328,0.10538532433693265,0.63022351797862,0.4280312341751926,0.0,4.163336342344337e-17,2.7755575615628914e-17,0.0
1.0,0.005524861878453039,0.5686274509803921,0.4444444444444444,0.24183291665967552,0.07667080100415148,0.40084586466165417,0.20210042440861561,0.869290573372206,0.7707074518557124,0.0,4.163336342344337e-17,2.7755575615628914e-17,0.0
1.0,0.0,0.7549019607843137,0.7654320987654321,0.08095773419017097,0.013870353938961565,0.08262844611528825,0.019632734320344545,0.31486880466472306,0.12769974286992564,0.0,4.163336342344337e-17,2.7755575615628914e-17,0.0
1.0,0.5414364640883979,0.8137254901960784,0.8518518518518519,0.1385761506065538,0.03100597984380125,0.21311090225563908,0.0742034968456396,0.293488824101069,0.11358462922629908,0.0,4.163336342344337e-17,2.7755575615628914e-17,0.0
1.0,0.005524861878453039,0.7058823529411764,0.6666666666666666,0.1385761506065538,0.03100597984380125,0.21311090225563908,0.0742034968456396,0.40184645286686105,0.19329966387904235,0.0,4.163336342344337e-17,2.7755575615628914e-17,0.0
1.0,0.0,0.7647058823529411,0.7160493827160493,0.11575697578818436,0.023504619985323917,0.20112781954887218,0.06801812658196424,0.423712342079689,0.21185617103984453,0.0,4.163336342344337e-17,2.7755575615628914e-17,0.0
1.0,0.14364640883977903,0.7843137254901961,0.7901234567901234,0.07582341985603785,0.012633508627921222,0.12124060150375943,0.032848999283170435,0.304178814382896,0.12054303774027078,0.0,4.163336342344337e-17,2.7755575615628914e-17,0.0
1.0,0.0,0.8627450980392157,0.728395061728395,0.13344183627242068,0.029236420774061227,0.21311090225563908,0.0742034968456396,0.18464528668610303,0.05402353666111109,0.0,4.163336342344337e-17,2.7755575615628914e-17,0.0
1.0,0.0,0.29411764705882354,0.24691358024691357,0.08095773419017097,0.013870353938961565,0.13588659147869678,0.038506832637363896,0.369290573372206,0.1672082950260326,0.0,4.163336342344337e-17,2.7755575615628914e-17,0.0
1.0,0.0,0.3431372549019608,0.2716049382716049,0.1385761506065538,0.03100597984380125,0.21311090225563908,0.0742034968456396,0.6627793974732751,0.4688633343002343,0.0,4.163336342344337e-17,2.7755575615628914e-17,0.0
1.0,0.0,0.4215686274509804,0.4444444444444444,0.09921307404486651,0.01865247084874087,0.15985275689223058,0.04853003391752011,0.34742468415937805,0.15071669477234406,0.0,4.163336342344337e-17,2.7755575615628914e-17,0.0
1.0,0.0,0.5196078431372549,0.5308641975308641,0.29831037433513985,0.10977025835781323,0.5206766917293233,0.31420201767352085,0.9999999999999999,1.0,0.0,4.163336342344337e-17,2.7755575615628914e-17,0.0
1.0,0.11602209944751382,0.5686274509803921,0.5061728395061729,0.1847849796137519,0.04906814089991067,0.3209586466165414,0.14055445163572647,0.6627793974732751,0.4688633343002343,0.0,4.163336342344337e-17,2.7755575615628914e-17,0.0
1.0,0.0,0.7549019607843137,0.8765432098765431,0.11575697578818436,0.023504619985323917,0.10925751879699253,0.028483631357207655,0.32604470359572396,0.13539377446955655,0.0,4.163336342344337e-17,2.7755575615628914e-17,0.0
1.0,0.16022099447513813,0.8725490196078431,0.8641975308641975,0.16139532542492324,0.03944500968458824,0.3209586466165414,0.14055445163572647,0.24975704567541301,0.08718331948534655,0.0,4.163336342344337e-17,2.7755575615628914e-17,0.0
1.0,0.0,0.6078431372549019,0.4567901234567901,0.23555764358462392,0.07334763998247212,0.40084586466165417,0.20210042440861561,0.619533527696793,0.4150247788828854,0.0,4.163336342344337e-17,2.7755575615628914e-17,0.0
1.0,0.0,0.5980392156862745,0.48148148148148145,0.2521015453279417,0.08226165827367286,0.4820645363408522,0.27548813541906947,0.836734693877551,0.7182090374092303,0.0,4.163336342344337e-17,2.7755575615628914e-17,0.0
1.0,0.03314917127071823,0.4215686274509804,0.48148148148148145,0.09921307404486651,0.01865247084874087,0.18648182957393486,0.06078061325993329,0.304178814382896,0.12054303774027078,0.0,4.163336342344337e-17,2.7755575615628914e-17,0.0
1.0,0.0,0.46078431372549017,0.41975308641975306,0.03646034329435058,0.004728071611442321,0.0679824561403509,0.01526443563377353,0.075801749271137,0.015019739526743004,0.0,4.163336342344337e-17,2.7755575615628914e-17,0.0
1.0,0.0,0.0,0.09876543209876543,0.17793922716824107,0.046149643079971825,0.30897556390977443,0.13223255688864938,0.543245869776482,0.3279629365598324,0.0,4.163336342344337e-17,2.7755575615628914e-17,0.0
1.0,0.005524861878453039,0.3137254901960784,0.2716049382716049,0.053004245037668415,0.007710741220795474,0.09461152882205515,0.02347056533682542,0.24975704567541301,0.08718331948534655,0.0,4.163336342344337e-17,2.7755575615628914e-17,0.0
1.0,0.0,0.3137254901960784,0.2345679012345679,0.06954814678098624,0.011186273614600145,0.12124060150375943,0.032848999283170435,0.31486880466472306,0.12769974286992564,0.0,4.163336342344337e-17,2.7755575615628914e-17,0.0
1.0,0.049723756906077346,0.37254901960784315,0.4567901234567901,0.08095773419017097,0.013870353938961565,0.13588659147869678,0.038506832637363896,0.369290573372206,0.1672082950260326,0.0,4.163336342344337e-17,2.7755575615628914e-17,0.0
1.0,0.0,0.45098039215686275,0.4567901234567901,0.12716656319736908,0.027138091166773876,0.22908834586466167,0.0828199330338441,0.43440233236151604,0.22123019287213805,0.0,4.163336342344337e-17,2.7755575615628914e-17,0.0
1.0,0.0,0.5882352941176471,0.5432098765432098,0.16652963975905635,0.04147301404320236,0.2823464912280702,0.11458937802708782,0.706511175898931,0.526606981024161,0.0,4.163336342344337e-17,2.7755575615628914e-17,0.0
1.0,0.08839779005524863,0.6274509803921569,0.7901234567901234,0.1499857380157385,0.03510828601640604,0.22908834586466167,0.0828199330338441,0.586977648202138,0.37663574222751023,0.0,4.163336342344337e-17,2.7755575615628914e-17,0.0
1.0,0.32044198895027626,0.8627450980392157,0.9012345679012346,0.06441383244685313,0.01005491617656964,0.09461152882205515,0.02347056533682542,0.19533527696793002,0.058962925088127276,0.0,4.163336342344337e-17,2.7755575615628914e-17,0.0
1.0,0.0,0.7941176470588235,0.7160493827160493,0.20132888135706975,0.056469580300898124,0.12124060150375943,0.032848999283170435,0.24975704567541301,0.08718331948534655,0.0,4.163336342344337e-17,2.7755575615628914e-17,0.0
1.0,0.11049723756906078,0.803921568627451,0.7654320987654321,0.12203224886323596,0.02547401997004369,0.18648182957393486,0.06078061325993329,0.4562682215743441,0.2410219568434457,0.0,4.163336342344337e-17,2.7755575615628914e-17,0.0
1.0,0.4530386740331492,0.8823529411764706,0.7654320987654321,0.16652963975905635,0.04147301404320236,0.2677005012531328,0.10538532433693265,0.43440233236151604,0.22123019287213805,0.0,4.163336342344337e-17,2.7755575615628914e-17,0.0
1.0,0.005524861878453039,0.7352941176470588,0.8641975308641975,0.030185070219298976,0.003725643795979392,0.055999373433583965,0.011954141526774563,0.152089407191448,0.040202385459122233,0.0,4.163336342344337e-17,2.7755575615628914e-17,0.0
1.0,0.0,0.7254901960784313,0.7530864197530864,0.08095773419017097,0.013870353938961565,0.09461152882205515,0.02347056533682542,0.16277939747327502,0.04453787055655797,0.0,4.163336342344337e-17,2.7755575615628914e-17,0.0
1.0,0.005524861878453039,0.7549019607843137,0.7654320987654321,0.12716656319736908,0.027138091166773876,0.18648182957393486,0.06078061325993329,0.40184645286686105,0.19329966387904235,0.0,4.163336342344337e-17,2.7755575615628914e-17,0.0
1.0,0.2596685082872928,0.6274509803921569,0.7901234567901234,0.17280491283410795,0.04401615084834787,0.23973997493734336,0.08879868467463903,0.706511175898931,0.526606981024161,0.0,4.163336342344337e-17,2.7755575615628914e-17,0.0
1.0,0.0,0.3431372549019608,0.35802469135802467,0.06954814678098624,0.011186273614600145,0.10925751879699253,0.028483631357207655,0.35860058309037895,0.15904207985289998,0.0,4.163336342344337e-17,2.7755575615628914e-17,0.0
1.0,0.0,0.3235294117647059,0.4444444444444444,0.02505075588516585,0.0029582195198328246,0.029370300751879713,0.005447852976497707,0.09766763848396501,0.02120524191367706,0.0,4.163336342344337e-17,2.7755575615628914e-17,0.0
1.0,0.0,0.3333333333333333,0.4567901234567901,0.16652963975905635,0.04147301404320236,0.29432957393483705,0.12238373586468301,0.652089407191448,0.4552529756783466,0.0,4.163336342344337e-17,2.7755575615628914e-17,0.0
1.0,0.23756906077348067,0.5882352941176471,0.5185185185185185,0.24183291665967552,0.07667080100415148,0.43945802005012535,0.23562979114710317,0.891156462585034,0.8070000344151153,0.0,4.163336342344337e-17,2.7755575615628914e-17,0.0
1.0,0.0,0.6666666666666666,0.48148148148148145,0.07582341985603785,0.012633508627921222,0.08262844611528825,0.019632734320344545,0.03255587949465499,0.005229253831139782,0.0,4.163336342344337e-17,2.7755575615628914e-17,0.0
1.0,0.11049723756906078,0.8529411764705882,0.7407407407407407,0.09236732159935568,0.016788851758900405,0.15985275689223058,0.04853003391752011,0.4548104956268222,0.23967669457568624,0.0,4.163336342344337e-17,2.7755575615628914e-17,0.0
1.0,0.26519337016574585,0.8823529411764706,0.9012345679012346,0.17280491283410795,0.04401615084834787,0.2823464912280702,0.11458937802708782,0.16277939747327502,0.04453787055655797,0.0,4.163336342344337e-17,2.7755575615628914e-17,0.0
1.0,0.005524861878453039,0.696078431372549,0.6419753086419753,0.11575697578818436,0.023504619985323917,0.13588659147869678,0.038506832637363896,0.44557823129251706,0.23124232829725486,0.0,4.163336342344337e-17,2.7755575615628914e-17,0.0
1.0,0.281767955801105,0.8627450980392157,0.8148148148148148,0.22414805617543918,0.06748720259303671,0.3209586466165414,0.14055445163572647,0.282312925170068,0.10652195110759313,0.0,4.163336342344337e-17,2.7755575615628914e-17,0.0
1.0,0.03314917127071823,0.7156862745098039,0.728395061728395,0.09236732159935568,0.016788851758900405,0.15985275689223058,0.04853003391752011,0.271622934888241,0.09996914930751874,0.0,4.163336342344337e-17,2.7755575615628914e-17,0.0
1.0,0.005524861878453039,0.7647058823529411,0.8271604938271604,0.09236732159935568,0.016788851758900405,0.15985275689223058,0.04853003391752011,0.391156462585034,0.18452954537632926,0.0,4.163336342344337e-17,2.7755575615628914e-17,0.0
1.0,0.3149171270718232,0.8137254901960784,0.9135802469135802,0.1448514236816054,0.033233239073656176,0.2677005012531328,0.10538532433693265,0.413022351797862,0.2026804458232342,0.0,4.163336342344337e-17,2.7755575615628914e-17,0.0
1.0,0.08287292817679558,0.6666666666666666,0.7901234567901234,0.04786993070353529,0.006732341198629234,0.0679824561403509,0.01526443563377353,0.19533527696793002,0.058962925088127276,0.0,4.163336342344337e-17,2.7755575615628914e-17,0.0
1.0,0.0,0.7549019607843137,0.8888888888888888,0.053004245037668415,0.007710741220795474,0.055999373433583965,0.011954141526774563,0.21720116618075802,0.06968384800318586,0.0,4.163336342344337e-17,2.7755575615628914e-17,0.0
1.0,0.0,0.8823529411764706,0.8518518518518519,0.12716656319736908,0.027138091166773876,0.21311090225563908,0.0742034968456396,0.423712342079689,0.21185617103984453,0.0,4.163336342344337e-17,2.7755575615628914e-17,0.0
1.0,0.044198895027624314,0.3333333333333333,0.38271604938271603,0.13344183627242068,0.029236420774061227,0.20112781954887218,0.06801812658196424,0.532555879494655,0.31656989464058327,0.0,4.163336342344337e-17,2.7755575615628914e-17,0.0
1.0,0.044198895027624314,0.6764705882352942,0.4691358024691358,0.2583768184029933,0.0857717672480752,0.412828947368421,0.21224232149340527,0.7823129251700681,0.6345573642610504,0.0,4.163336342344337e-17,2.7755575615628914e-17,0.0
1.0,0.0,0.7647058823529411,0.7160493827160493,0.1499857380157385,0.03510828601640604,0.22908834586466167,0.0828199330338441,0.47813411078717205,0.2616433709113614,0.0,4.163336342344337e-17,2.7755575615628914e-17,0.0
1.0,0.038674033149171276,0.696078431372549,0.5308641975308641,0.11575697578818436,0.023504619985323917,0.18648182957393486,0.06078061325993329,0.20651117589893103,0.06433885286227237,0.0,4.163336342344337e-17,2.7755575615628914e-17,0.0
1.0,0.0,0.46078431372549017,0.41975308641975306,0.0878034866356818,0.015593322531455582,0.15985275689223058,0.04853003391752011,0.336734693877551,0.14295608631310874,0.0,4.163336342344337e-17,2.7755575615628914e-17,0.0
1.0,0.0,0.39215686274509803,0.4074074074074074,0.15512005234987164,0.037030802502010324,0.15985275689223058,0.04853003391752011,0.21720116618075802,0.06968384800318586,1.0,4.163336342344337e-17,2.7755575615628914e-17,0.0
1.0,0.011049723756906079,0.27450980392156865,0.3950617283950617,0.08095773419017097,0.013870353938961565,0.17449874686716796,0.05512277990573985,0.391156462585034,0.18452954537632926,1.0,4.163336342344337e-17,2.7755575615628914e-17,0.0
1.0,0.0,0.24509803921568626,0.16049382716049382,0.06954814678098624,0.011186273614600145,0.10925751879699253,0.028483631357207655,0.32604470359572396,0.13539377446955655,1.0,4.163336342344337e-17,2.7755575615628914e-17,1.0
1.0,0.0,0.20588235294117646,0.1728395061728395,0.07582341985603785,0.012633508627921222,0.12124060150375943,0.032848999283170435,0.304178814382896,0.12054303774027078,0.0,4.163336342344337e-17,2.7755575615628914e-17,1.0
1.0,0.0,0.3333333333333333,0.3333333333333333,0.10434738837899965,0.02010556629945138,0.20112781954887218,0.06801812658196424,0.423712342079689,0.21185617103984453,1.0,4.163336342344337e-17,2.7755575615628914e-17,0.0
1.0,0.1270718232044199,0.37254901960784315,0.5061728395061729,0.11062266145405125,0.021946036661603573,0.21311090225563908,0.0742034968456396,0.32604470359572396,0.13539377446955655,1.0,4.163336342344337e-17,2.7755575615628914e-17,0.0
1.0,0.16022099447513813,0.46078431372549017,0.5802469135802468,0.06441383244685313,0.01005491617656964,0.10925751879699253,0.028483631357207655,0.21720116618075802,0.06968384800318586,1.0,4.163336342344337e-17,2.7755575615628914e-17,0.0
1.0,0.0,0.4411764705882353,0.3333333333333333,0.0878034866356818,0.015593322531455582,0.13588659147869678,0.038506832637363896,0.18464528668610303,0.05402353666111109,0.0,4.163336342344337e-17,2.7755575615628914e-17,0.0
1.0,0.0,0.4117647058823529,0.3950617283950617,0.07582341985603785,0.012633508627921222,0.13588659147869678,0.038506832637363896,0.20651117589893103,0.06433885286227237,0.0,4.163336342344337e-17,2.7755575615628914e-17,0.0
1.0,0.0,0.46078431372549017,0.5308641975308641,0.21273846876625443,0.06186118269917871,0.362233709273183,0.17103582734165187,0.923712342079689,0.8625728658121886,0.0,4.163336342344337e-17,2.7755575615628914e-17,0.0
1.0,0.4475138121546962,0.6176470588235294,0.6790123456790123,0.28176647259182197,0.09947962332383412,0.4660870927318296,0.26018956504409413,0.7604470359572401,0.6023945955158745,1.0,4.163336342344337e-17,1.0,0.0
1.0,0.027624309392265196,0.6470588235294118,0.5679012345679012,0.02505075588516585,0.0029582195198328246,0.055999373433583965,0.011954141526774563,0.03255587949465499,0.005229253831139782,0.0,4.163336342344337e-17,2.7755575615628914e-17,0.0
1.0,0.0,0.6666666666666666,0.49382716049382713,0.03646034329435058,0.004728071611442321,0.055999373433583965,0.011954141526774563,0.021379980563654005,0.0032268267461164155,1.0,1.0,2.7755575615628914e-17,0.0
1.0,0.0,0.6078431372549019,0.5308641975308641,0.08095773419017097,0.013870353938961565,0.13588659147869678,0.038506832637363896,0.35860058309037895,0.15904207985289998,0.0,4.163336342344337e-17,2.7755575615628914e-17,0.0
1.0,0.0,0.7843137254901961,0.7901234567901234,0.29831037433513985,0.10977025835781323,0.2823464912280702,0.11458937802708782,0.34742468415937805,0.15071669477234406,1.0,1.0,2.7755575615628914e-17,0.0
1.0,0.05524861878453039,0.8823529411764706,0.8888888888888888,0.16652963975905635,0.04147301404320236,0.3209586466165414,0.14055445163572647,0.23906705539358603,0.08123442101485259,1.0,4.163336342344337e-17,1.0,1.0
1.0,0.038674033149171276,0.8431372549019608,0.8765432098765431,0.08095773419017097,0.013870353938961565,0.12124060150375943,0.032848999283170435,0.16277939747327502,0.04453787055655797,1.0,4.163336342344337e-17,1.0,1.0
1.0,0.10497237569060774,0.9117647058823529,1.0,0.1448514236816054,0.033233239073656176,0.21311090225563908,0.0742034968456396,0.4888241010689991,0.27202690278713276,1.0,4.163336342344337e-17,1.0,1.0
1.0,0.9723756906077349,0.7647058823529411,0.8395061728395061,0.17793922716824107,0.046149643079971825,0.21311090225563908,0.0742034968456396,0.11953352769679301,0.028220394397219267,1.0,1.0,1.0,1.0
1.0,0.7734806629834254,0.803921568627451,0.8888888888888888,0.0878034866356818,0.015593322531455582,0.15985275689223058,0.04853003391752011,0.08697764820213799,0.018077563475402205,1.0,4.163336342344337e-17,1.0,0.0
1.0,0.0,0.46078431372549017,0.37037037037037035,0.04786993070353529,0.006732341198629234,0.09461152882205515,0.02347056533682542,0.20651117589893103,0.06433885286227237,0.0,4.163336342344337e-17,2.7755575615628914e-17,0.0
1.0,0.0,0.4117647058823529,0.43209876543209874,0.11062266145405125,0.021946036661603573,0.20112781954887218,0.06801812658196424,0.47813411078717205,0.2616433709113614,1.0,4.163336342344337e-17,2.7755575615628914e-17,0.0
1.0,0.19337016574585636,0.5784313725490196,0.5432098765432098,0.18934881457742578,0.0510606896123187,0.362233709273183,0.17103582734165187,0.826044703595724,0.7013718520412261,1.0,4.163336342344337e-17,2.7755575615628914e-17,0.0
1.0,0.39226519337016574,0.7647058823529411,0.654320987654321,0.21273846876625443,0.06186118269917871,0.3861998746867168,0.19002715608300053,0.44557823129251706,0.23124232829725486,1.0,4.163336342344337e-17,1.0,1.0
1.0,0.0,0.16666666666666666,0.1111111111111111,0.058138559371801526,0.008736610785816142,0.10925751879699253,0.028483631357207655,0.20651117589893103,0.06433885286227237,1.0,4.163336342344337e-17,2.7755575615628914e-17,0.0
1.0,0.0,0.09803921568627451,0.0,0.07582341985603785,0.012633508627921222,0.12124060150375943,0.032848999283170435,0.336734693877551,0.14295608631310874,1.0,4.163336342344337e-17,2.7755575615628914e-17,1.0
1.0,0.005524861878453039,0.1764705882352941,0.14814814814814814,0.1448514236816054,0.033233239073656176,0.17449874686716796,0.05512277990573985,0.34742468415937805,0.15071669477234406,1.0,1.0,2.7755575615628914e-17,1.0
1.0,0.0,0.1764705882352941,0.14814814814814814,0.2583768184029933,0.0857717672480752,0.4660870927318296,0.26018956504409413,0.9062196307094266,0.8324842223085333,1.0,1.0,2.7755575615628914e-17,1.0
1.0,0.0,0.4215686274509804,0.5432098765432098,0.09236732159935568,0.016788851758900405,0.15985275689223058,0.04853003391752011,0.423712342079689,0.21185617103984453,0.0,4.163336342344337e-17,2.7755575615628914e-17,0.0
1.0,0.0,0.49019607843137253,0.5679012345679012,0.10434738837899965,0.02010556629945138,0.17449874686716796,0.05512277990573985,0.47813411078717205,0.2616433709113614,0.0,4.163336342344337e-17,2.7755575615628914e-17,0.0
1.0,0.0,0.4117647058823529,0.5432098765432098,0.12203224886323596,0.02547401997004369,0.15985275689223058,0.04853003391752011,0.5539358600583091,0.3395542750947646,1.0,4.163336342344337e-17,2.7755575615628914e-17,0.0
1.0,0.044198895027624314,0.4019607843137255,0.5308641975308641,0.20760415443212135,0.05940595245487474,0.3209586466165414,0.14055445163572647,0.978134110787172,0.95957760362637,1.0,4.163336342344337e-17,2.7755575615628914e-17,0.0
1.0,0.0,0.4215686274509804,0.5555555555555556,0.18934881457742578,0.0510606896123187,0.3209586466165414,0.14055445163572647,0.858600583090379,0.7532663631581276,0.0,4.163336342344337e-17,2.7755575615628914e-17,0.0
1.0,0.0,0.9901960784313726,0.9753086419753085,0.21273846876625443,0.06186118269917871,0.15985275689223058,0.04853003391752011,0.31486880466472306,0.12769974286992564,1.0,4.163336342344337e-17,1.0,0.0
1.0,0.0,1.0,0.9135802469135802,0.13344183627242068,0.029236420774061227,0.15985275689223058,0.04853003391752011,0.271622934888241,0.09996914930751874,1.0,4.163336342344337e-17,2.7755575615628914e-17,1.0
1.0,0.0,0.9019607843137255,0.8024691358024691,0.07582341985603785,0.012633508627921222,0.10925751879699253,0.028483631357207655,0.19533527696793002,0.058962925088127276,1.0,4.163336342344337e-17,2.7755575615628914e-17,1.0
1.0,0.0,1.0,0.8024691358024691,0.09236732159935568,0.016788851758900405,0.20112781954887218,0.06801812658196424,0.24975704567541301,0.08718331948534655,0.0,4.163336342344337e-17,2.7755575615628914e-17,0.0
1.0,0.005524861878453039,0.7058823529411764,0.6172839506172839,0.04786993070353529,0.006732341198629234,0.09461152882205515,0.02347056533682542,0.20651117589893103,0.06433885286227237,0.0,4.163336342344337e-17,2.7755575615628914e-17,0.0
1.0,0.0,0.6078431372549019,0.5061728395061729,0.10434738837899965,0.02010556629945138,0.09461152882205515,0.02347056533682542,0.21720116618075802,0.06968384800318586,0.0,4.163336342344337e-17,2.7755575615628914e-17,0.0
1.0,0.0,0.5588235294117647,0.5061728395061729,0.09236732159935568,0.016788851758900405,0.08262844611528825,0.019632734320344545,0.20651117589893103,0.06433885286227237,0.0,4.163336342344337e-17,2.7755575615628914e-17,0.0
1.0,0.011049723756906079,0.6764705882352942,0.6049382716049383,0.32112954915350933,0.12477297807476789,0.3861998746867168,0.19002715608300053,0.826044703595724,0.7013718520412261,0.0,4.163336342344337e-17,2.7755575615628914e-17,0.0
1.0,0.005524861878453039,0.3137254901960784,0.37037037037037035,0.11062266145405125,0.021946036661603573,0.12124060150375943,0.032848999283170435,0.23906705539358603,0.08123442101485259,1.0,4.163336342344337e-17,2.7755575615628914e-17,0.0
1.0,0.0,0.3627450980392157,0.4074074074074074,0.07582341985603785,0.012633508627921222,0.13588659147869678,0.038506832637363896,0.31486880466472306,0.12769974286992564,1.0,4.163336342344337e-17,2.7755575615628914e-17,0.0
1.0,0.0,0.3627450980392157,0.4444444444444444,0.4067014547223947,0.18938430029329334,0.412828947368421,0.21224232149340527,0.9344023323615162,0.8812217611689342,0.0,4.163336342344337e-17,2.7755575615628914e-17,0.0
1.0,0.27624309392265195,0.4803921568627451,0.5185185185185185,0.2521015453279417,0.08226165827367286,0.412828947368421,0.21224232149340527,0.413022351797862,0.2026804458232342,1.0,4.163336342344337e-17,2.7755575615628914e-17,0.0
1.0,0.0,0.6372549019607843,0.8148148148148148,0.06441383244685313,0.01005491617656964,0.10925751879699253,0.028483631357207655,0.369290573372206,0.1672082950260326,1.0,4.163336342344337e-17,2.7755575615628914e-17,0.0
1.0,0.0,0.5980392156862745,0.7530864197530864,0.11062266145405125,0.021946036661603573,0.18648182957393486,0.06078061325993329,0.510689990281827,0.29388357366555395,1.0,4.163336342344337e-17,2.7755575615628914e-17,0.0
1.0,0.0,0.6666666666666666,0.728395061728395,0.09236732159935568,0.016788851758900405,0.15985275689223058,0.04853003391752011,0.43440233236151604,0.22123019287213805,0.0,4.163336342344337e-17,2.7755575615628914e-17,0.0
1.0,0.0,0.6176470588235294,0.7407407407407407,0.08095773419017097,0.013870353938961565,0.15985275689223058,0.04853003391752011,0.510689990281827,0.29388357366555395,1.0,4.163336342344337e-17,2.7755575615628914e-17,0.0
1.0,0.0,0.7450980392156863,0.8395061728395061,0.4409302169499488,0.21892090473604783,0.33560463659147877,0.15104803999350408,0.34742468415937805,0.15071669477234406,0.0,4.163336342344337e-17,2.7755575615628914e-17,0.0
1.0,0.0,0.9215686274509803,0.9135802469135802,0.18934881457742578,0.0510606896123187,0.362233709273183,0.17103582734165187,0.24975704567541301,0.08718331948534655,1.0,1.0,1.0,0.0
1.0,0.005524861878453039,0.803921568627451,0.6790123456790123,0.3439487239718787,0.1407133677740322,0.09461152882205515,0.02347056533682542,0.173469387755102,0.049071652269676844,1.0,1.0,1.0,0.0
1.0,0.0,0.7450980392156863,0.6666666666666666,0.058138559371801526,0.008736610785816142,0.09461152882205515,0.02347056533682542,0.09766763848396501,0.02120524191367706,1.0,1.0,2.7755575615628914e-17,1.0
1.0,0.0,0.7647058823529411,0.7530864197530864,0.0878034866356818,0.015593322531455582,0.15985275689223058,0.04853003391752011,0.21720116618075802,0.06968384800318586,1.0,4.163336342344337e-17,2.7755575615628914e-17,0.0
1.0,0.0,0.8137254901960784,0.7654320987654321,0.1961945670229366,0.054119837929603995,0.2677005012531328,0.10538532433693265,0.075801749271137,0.015019739526743004,1.0,1.0,1.0,0.0
1.0,0.0,0.8725490196078431,0.9135802469135802,0.28176647259182197,0.09947962332383412,0.055999373433583965,0.011954141526774563,0.06511175898931001,0.012297667802365471,1.0,1.0,2.7755575615628914e-17,0.0
1.0,0.05524861878453039,0.892156862745098,0.9135802469135802,0.12203224886323596,0.02547401997004369,0.15985275689223058,0.04853003391752011,0.08697764820213799,0.018077563475402205,1.0,1.0,1.0,0.0
1.0,0.0,0.9117647058823529,0.8518518518518519,0.41811104213157935,0.19899541761196743,0.23973997493734336,0.08879868467463903,0.053935860058309026,0.009663887236417095,1.0,1.0,1.0,1.0
1.0,0.0,0.9901960784313726,0.9259259259259258,0.1499857380157385,0.03510828601640604,0.18648182957393486,0.06078061325993329,0.423712342079689,0.21185617103984453,1.0,4.163336342344337e-17,2.7755575615628914e-17,0.0
1.0,0.0,0.9411764705882353,0.9259259259259258,0.20760415443212135,0.05940595245487474,0.17449874686716796,0.05512277990573985,0.13022351797862,0.031951976165074565,1.0,1.0,2.7755575615628914e-17,1.0
1.0,0.0,0.9215686274509803,0.9629629629629629,0.04786993070353529,0.006732341198629234,0.055999373433583965,0.011954141526774563,0.06511175898931001,0.012297667802365471,1.0,1.0,2.7755575615628914e-17,1.0
1.0,0.07734806629834255,0.9313725490196079,0.9506172839506173,0.12203224886323596,0.02547401997004369,0.20112781954887218,0.06801812658196424,0.173469387755102,0.049071652269676844,1.0,4.163336342344337e-17,1.0,1.0
1.0,0.0,0.8725490196078431,0.8888888888888888,0.12203224886323596,0.02547401997004369,0.12124060150375943,0.032848999283170435,0.282312925170068,0.10652195110759313,1.0,1.0,2.7755575615628914e-17,0.0
1.0,0.2983425414364641,0.803921568627451,0.8765432098765431,0.3439487239718787,0.1407133677740322,0.4660870927318296,0.26018956504409413,0.152089407191448,0.040202385459122233,1.0,1.0,1.0,1.0
1.0,0.0,0.8725490196078431,0.8271604938271604,0.10434738837899965,0.02010556629945138,0.18648182957393486,0.06078061325993329,0.23906705539358603,0.08123442101485259,0.0,4.163336342344337e-17,2.7755575615628914e-17,0.0
1.0,0.0,0.8627450980392157,0.7901234567901234,0.04159465762848369,0.005600983760598725,0.055999373433583965,0.011954141526774563,0.13022351797862,0.031951976165074565,1.0,1.0,2.7755575615628914e-17,0.0
1.0,0.0,0.8431372549019608,0.8518518518518519,0.04159465762848369,0.005600983760598725,0.029370300751879713,0.005447852976497707,0.053935860058309026,0.009663887236417095,1.0,4.163336342344337e-17,2.7755575615628914e-17,0.0
1.0,0.005524861878453039,0.8627450980392157,0.9135802469135802,0.07582341985603785,0.012633508627921222,0.08262844611528825,0.019632734320344545,0.16277939747327502,0.04453787055655797,1.0,4.163336342344337e-17,2.7755575615628914e-17,1.0
1.0,0.3425414364640884,0.9509803921568627,0.8518518518518519,0.1961945670229366,0.054119837929603995,0.29432957393483705,0.12238373586468301,0.293488824101069,0.11358462922629908,1.0,4.163336342344337e-17,1.0,1.0
1.0,0.016574585635359115,0.7647058823529411,0.8148148148148148,0.0878034866356818,0.015593322531455582,0.12124060150375943,0.032848999283170435,0.09766763848396501,0.02120524191367706,1.0,4.163336342344337e-17,1.0,0.0
1.0,0.16574585635359115,0.6666666666666666,0.7654320987654321,0.08095773419017097,0.013870353938961565,0.13588659147869678,0.038506832637363896,0.21720116618075802,0.06968384800318586,1.0,4.163336342344337e-17,2.7755575615628914e-17,0.0
1.0,0.3370165745856354,0.8235294117647058,0.7901234567901234,0.16139532542492324,0.03944500968458824,0.23973997493734336,0.08879868467463903,0.14091350826044702,0.03588185454861299,1.0,4.163336342344337e-17,1.0,1.0
1.0,0.011049723756906079,0.696078431372549,0.7407407407407407,0.07582341985603785,0.012633508627921222,0.12124060150375943,0.032848999283170435,0.380466472303207,0.17595772348929942,0.0,4.163336342344337e-17,1.0,0.0
1.0,0.0,0.3431372549019608,0.37037037037037035,0.07582341985603785,0.012633508627921222,0.15985275689223058,0.04853003391752011,0.380466472303207,0.17595772348929942,0.0,4.163336342344337e-17,2.7755575615628914e-17,0.0
1.0,0.049723756906077346,0.3333333333333333,0.43209876543209874,0.10434738837899965,0.02010556629945138,0.15985275689223058,0.04853003391752011,0.5213799805636541,0.30487100887090574,1.0,4.163336342344337e-17,2.7755575615628914e-17,0.0
1.0,0.0,0.2549019607843137,0.012345679012345678,0.030185070219298976,0.003725643795979392,0.055999373433583965,0.011954141526774563,0.11953352769679301,0.028220394397219267,1.0,4.163336342344337e-17,2.7755575615628914e-17,0.0
1.0,0.0,0.23529411764705882,0.1111111111111111,0.07582341985603785,0.012633508627921222,0.10925751879699253,0.028483631357207655,0.282312925170068,0.10652195110759313,0.0,4.163336342344337e-17,2.7755575615628914e-17,0.0
1.0,0.06077348066298343,0.2647058823529412,0.2962962962962963,0.10434738837899965,0.02010556629945138,0.15985275689223058,0.04853003391752011,0.47813411078717205,0.2616433709113614,1.0,4.163336342344337e-17,2.7755575615628914e-17,0.0
1.0,0.3867403314917127,0.3137254901960784,0.2962962962962963,0.06954814678098624,0.011186273614600145,0.09461152882205515,0.02347056533682542,0.26044703595724,0.09333051457152364,1.0,1.0,2.7755575615628914e-17,0.0
1.0,0.0,0.22549019607843138,0.12345679012345678,0.058138559371801526,0.008736610785816142,0.09461152882205515,0.02347056533682542,0.21720116618075802,0.06968384800318586,1.0,4.163336342344337e-17,2.7755575615628914e-17,0.0
1.0,0.0,0.20588235294117646,0.19753086419753085,0.11575697578818436,0.023504619985323917,0.18648182957393486,0.06078061325993329,0.4888241010689991,0.27202690278713276,0.0,4.163336342344337e-17,2.7755575615628914e-17,0.0
1.0,0.0,0.14705882352941177,0.20987654320987653,0.1499857380157385,0.03510828601640604,0.22908834586466167,0.0828199330338441,0.749757045675413,0.5869725269052455,0.0,4.163336342344337e-17,2.7755575615628914e-17,1.0
1.0,0.3038674033149172,0.3529411764705882,0.2839506172839506,0.16652963975905635,0.04147301404320236,0.29432957393483705,0.12238373586468301,0.4888241010689991,0.27202690278713276,1.0,4.163336342344337e-17,2.7755575615628914e-17,1.0
1.0,0.005524861878453039,0.5294117647058824,0.6049382716049383,0.2469672309938086,0.07944249486748496,0.40084586466165417,0.20210042440861561,0.6953352769679301,0.5115345945653618,0.0,4.163336342344337e-17,2.7755575615628914e-17,0.0
1.0,0.0,0.6764705882352942,0.7037037037037037,0.21901374184130604,0.06492648447572291,0.3861998746867168,0.19002715608300053,0.749757045675413,0.5869725269052455,0.0,4.163336342344337e-17,2.7755575615628914e-17,0.0
1.0,0.2541436464088398,0.7549019607843137,0.8888888888888888,0.18934881457742578,0.0510606896123187,0.15985275689223058,0.04853003391752011,0.18464528668610303,0.05402353666111109,1.0,4.163336342344337e-17,1.0,1.0
1.0,0.0,0.8627450980392157,0.7901234567901234,0.11575697578818436,0.023504619985323917,0.20112781954887218,0.06801812658196424,0.293488824101069,0.11358462922629908,0.0,4.163336342344337e-17,2.7755575615628914e-17,0.0
1.0,0.0,0.7450980392156863,0.9012345679012346,0.058138559371801526,0.008736610785816142,0.09461152882205515,0.02347056533682542,0.282312925170068,0.10652195110759313,0.0,4.163336342344337e-17,2.7755575615628914e-17,0.0
1.0,0.0,0.803921568627451,0.9012345679012346,0.06954814678098624,0.011186273614600145,0.10925751879699253,0.028483631357207655,0.32604470359572396,0.13539377446955655,1.0,4.163336342344337e-17,2.7755575615628914e-17,0.0
1.0,0.17679558011049726,0.7254901960784313,0.8641975308641975,0.058138559371801526,0.008736610785816142,0.013392857142857165,0.0021067858831122985,0.03255587949465499,0.005229253831139782,1.0,1.0,2.7755575615628914e-17,1.0
1.0,0.0,0.8431372549019608,0.8765432098765431,0.04786993070353529,0.006732341198629234,0.08262844611528825,0.019632734320344545,0.18464528668610303,0.05402353666111109,1.0,4.163336342344337e-17,2.7755575615628914e-17,0.0
1.0,0.0,0.8431372549019608,0.7777777777777777,0.058138559371801526,0.008736610785816142,0.10925751879699253,0.028483631357207655,0.173469387755102,0.049071652269676844,1.0,1.0,2.7755575615628914e-17,1.0
1.0,0.0,0.803921568627451,0.7777777777777777,0.12716656319736908,0.027138091166773876,0.0679824561403509,0.01526443563377353,0.021379980563654005,0.0032268267461164155,0.0,4.163336342344337e-17,2.7755575615628914e-17,0.0
1.0,0.5359116022099447,0.803921568627451,0.8395061728395061,0.15512005234987164,0.037030802502010324,0.20112781954887218,0.06801812658196424,0.21720116618075802,0.06968384800318586,0.0,4.163336342344337e-17,1.0,0.0
1.0,0.0,0.9117647058823529,0.9753086419753085,0.06954814678098624,0.011186273614600145,0.10925751879699253,0.028483631357207655,0.282312925170068,0.10652195110759313,1.0,4.163336342344337e-17,1.0,0.0
1.0,0.3425414364640884,0.8137254901960784,0.8888888888888888,0.1499857380157385,0.03510828601640604,0.2823464912280702,0.11458937802708782,0.20651117589893103,0.06433885286227237,1.0,4.163336342344337e-17,1.0,0.0
1.0,0.0,0.8627450980392157,0.8148148148148148,0.16652963975905635,0.04147301404320236,0.2677005012531328,0.10538532433693265,0.23906705539358603,0.08123442101485259,0.0,4.163336342344337e-17,1.0,0.0
1.0,0.0,0.8725490196078431,0.8271604938271604,0.09236732159935568,0.016788851758900405,0.17449874686716796,0.05512277990573985,0.369290573372206,0.1672082950260326,0.0,4.163336342344337e-17,2.7755575615628914e-17,0.0
1.0,0.0,0.8431372549019608,0.8518518518518519,0.06954814678098624,0.011186273614600145,0.12124060150375943,0.032848999283170435,0.282312925170068,0.10652195110759313,0.0,4.163336342344337e-17,2.7755575615628914e-17,0.0
1.0,0.06077348066298343,0.8823529411764706,0.9012345679012346,0.28176647259182197,0.09947962332383412,0.37421679197994984,0.18041279590769277,0.20651117589893103,0.06433885286227237,1.0,4.163336342344337e-17,1.0,0.0
1.0,0.44198895027624313,0.8333333333333334,0.9012345679012346,0.12716656319736908,0.027138091166773876,0.20112781954887218,0.06801812658196424,0.31486880466472306,0.12769974286992564,1.0,4.163336342344337e-17,1.0,1.0
1.0,0.0,0.7941176470588235,0.8024691358024691,0.06441383244685313,0.01005491617656964,0.055999373433583965,0.011954141526774563,0.152089407191448,0.040202385459122233,1.0,4.163336342344337e-17,2.7755575615628914e-17,1.0
1.0,0.0,0.7843137254901961,0.8148148148148148,0.06954814678098624,0.011186273614600145,0.09461152882205515,0.02347056533682542,0.21720116618075802,0.06968384800318586,1.0,4.163336342344337e-17,2.7755575615628914e-17,1.0
1.0,0.005524861878453039,0.8235294117647058,0.8518518518518519,0.08095773419017097,0.013870353938961565,0.15985275689223058,0.04853003391752011,0.336734693877551,0.14295608631310874,1.0,4.163336342344337e-17,2.7755575615628914e-17,1.0
1.0,0.425414364640884,0.8627450980392157,0.7407407407407407,0.20760415443212135,0.05940595245487474,0.37421679197994984,0.18041279590769277,0.24975704567541301,0.08718331948534655,1.0,4.163336342344337e-17,1.0,1.0
