PRCP,TMAX,5 second wind speed squared,2 min wind speed squared,Avg Wind Speed Squared,Fog/Ice,Heavy/Freezing Fog,Thunder,Smoke/Haze,Power Outage
0.0,0.8333333333333334,0.19899541761196746,0.14055445163572647,0.01229766780236547,1.0,1.0,2.7755575615628914e-17,1.0,0.0
0.04814522494080506,0.4414565826330533,0.022391346182666524,0.0596490465890946,0.23072744188703465,0.3428571428571429,0.028571428571428567,0.0285714285714286,0.22857142857142865,0.0
0.0,0.5098039215686274,0.8731042422284244,0.19002715608300053,0.5115345945653618,0.0,4.163336342344337e-17,2.7755575615628914e-17,0.0,0.0
0.2541436464088398,0.6078431372549019,0.5391059015078518,0.06078061325993329,0.17595772348929942,1.0,4.163336342344337e-17,2.7755575615628914e-17,0.0,0.0
0.03024134922942717,0.7378740970072237,0.010662276485407091,0.027464343667775948,0.07198134588631128,0.32631578947368445,0.1578947368421053,0.05263157894736845,0.10526315789473692,0.0
0.0,0.3529411764705882,0.04614964307997183,0.15104803999350408,0.8625728658121886,0.0,4.163336342344337e-17,2.7755575615628914e-17,0.0,0.0
0.0,0.8039215686274509,0.12477297807476788,0.08879868467463903,0.04907165226967685,0.0,4.163336342344337e-17,2.7755575615628914e-17,0.0,0.0
0.5248618784530388,0.446078431372549,0.3951766359529473,0.122383735864683,0.3160388161528164,1.0,4.163336342344337e-17,2.7755575615628914e-17,0.5,0.0
0.0,0.8872549019607843,0.20661120251047346,0.6395464854835978,0.047107532485410455,0.0,4.163336342344337e-17,0.5,0.0,0.0
0.2099447513812155,0.4019607843137255,0.75761846303221,1.0000000000000002,0.13539377446955655,1.0,4.163336342344337e-17,2.7755575615628914e-17,1.0,0.0
0.14917127071823205,0.5,0.5162387678361441,0.7501526581481524,0.17595772348929942,1.0,4.163336342344337e-17,2.7755575615628914e-17,0.0,0.0
0.20441988950276244,0.4117647058823529,1.0,0.17103582734165187,0.1672082950260326,1.0,4.163336342344337e-17,2.7755575615628914e-17,0.0,0.0
0.0,0.5294117647058824,0.2875291917651029,0.037377757113042184,0.08179079870926931,0.5,0.5,2.7755575615628914e-17,0.0,0.0
0.06560773480662982,0.5698529411764706,0.04624776877851119,0.11003882266519233,0.2746557156950952,0.5,0.12500000000000006,0.12500000000000006,0.0,0.0
0.010128913443830606,0.7258533042846766,0.00177520883781155,0.0031325520959937718,0.010732151832689885,0.24074074074074106,0.20370370370370366,0.018518518518518514,0.11111111111111123,0.0
0.0,0.8431372549019608,0.08869641852727295,0.0828199330338441,0.01229766780236547,1.0,4.163336342344337e-17,1.0,1.0,0.0
0.03314917127071824,0.5882352941176471,0.2315942471016367,0.029069783478854225,0.08132814074798797,1.0,4.163336342344337e-17,2.7755575615628914e-17,1.0,0.0
0.1933701657458564,0.392156862745098,0.75761846303221,0.3716449255948841,0.2616433709113614,1.0,4.163336342344337e-17,1.0,0.0,0.0
0.025092081031307563,0.4475081699346405,0.02676578856774315,0.0777258131653904,0.3168755891198525,0.2500000000000002,0.04166666666666666,2.0816681711721685e-17,0.08333333333333341,0.0
0.010576164167324415,0.326050420168067,0.015498885768951531,0.050413675628440034,0.2144393473395829,0.3428571428571429,0.08571428571428573,6.938893903907227e-18,0.20000000000000007,0.0
0.16022099447513813,0.4019607843137255,0.5714555158975352,0.3295313610348826,0.009663887236417095,1.0,1.0,2.7755575615628914e-17,0.0,0.0
0.0,0.8333333333333334,0.926586593844412,0.3423373195125559,0.040202385459122233,1.0,1.0,2.7755575615628914e-17,1.0,0.0
0.16267648864333953,0.6546840958605664,0.05935249224268889,0.1773135165644866,0.5236257489156964,0.2222222222222222,4.163336342344337e-17,0.11111111111111116,0.0,0.0
0.0,0.9215686274509804,0.3446334401986964,0.015264435633773532,0.01501973952674301,0.0,4.163336342344337e-17,2.7755575615628914e-17,0.0,0.0
0.0,0.5049019607843137,0.16884654397295165,0.19606379024580808,0.04247675340914492,1.0,4.163336342344337e-17,2.7755575615628914e-17,0.5,0.0
1.0,0.8823529411764706,0.1946414056534864,0.3716449255948841,0.054023536661111086,1.0,4.163336342344337e-17,1.0,1.0,0.0
0.0,0.6127450980392157,0.05883636677759985,0.02473176931856828,0.05708948640083995,0.3333333333333333,4.163336342344337e-17,2.0816681711721685e-17,0.16666666666666666,0.0
0.0,0.3333333333333333,0.4469566770182387,0.2356297911471032,0.14295608631310874,1.0,4.163336342344337e-17,2.7755575615628914e-17,0.0,0.0
0.017314522494080532,0.7225140056022405,0.005875158044823383,0.015561554574185812,0.040550209311793706,0.3125000000000003,0.1339285714285715,0.04464285714285717,0.18750000000000008,0.0
0.05717030987268796,0.6760443307757886,0.020051166152379875,0.01268625826914855,0.02349300984835192,0.3043478260869566,0.2173913043478261,3.4694469519536136e-17,0.043478260869565286,0.0
0.06629834254143648,0.5396078431372549,0.034133261606176114,0.10796245937017612,0.3368361365264005,0.36,0.16000000000000006,2.7755575615628914e-17,0.12000000000000002,0.0
0.0570902394106814,0.5816993464052288,0.029163360654606268,0.031039091787552882,0.0994467087405106,0.2222222222222222,4.163336342344337e-17,2.0816681711721685e-17,0.1111111111111111,0.0
0.08287292817679558,0.38235294117647056,0.7463312606201575,0.6680913611176336,0.15904207985289998,1.0,4.163336342344337e-17,2.7755575615628914e-17,0.0,0.0
0.04601174033149173,0.7231924019607842,0.012765102918114323,0.036738759714178434,0.07491243286491903,0.2656250000000003,0.109375,0.0625,0.1250000000000001,0.0
0.18600368324125235,0.6111111111111112,0.23784044778223165,0.13850438459026762,0.23548255727248746,1.0,0.3333333333333333,0.6666666666666666,0.33333333333333337,0.0
0.3259668508287293,0.5588235294117647,0.4772196826754137,1.0000000000000002,0.2616433709113614,1.0,4.163336342344337e-17,2.7755575615628914e-17,0.0,0.0
0.046961325966850834,0.6470588235294118,0.14673218348391714,0.11848655694588542,0.08838569756980125,1.0,0.5,2.7755575615628914e-17,0.5,0.0
0.0,0.38235294117647056,0.9571015983093328,0.0828199330338441,0.01501973952674301,1.0,4.163336342344337e-17,2.7755575615628914e-17,1.0,0.0
0.0077348066298342545,0.8647058823529412,0.2061652525273244,0.07368709682646896,0.0969586871125227,0.5999999999999999,0.2,2.7755575615628914e-17,0.4,0.0
0.03314917127071823,0.4117647058823529,0.5624658979640108,0.122383735864683,0.058962925088127276,1.0,4.163336342344337e-17,2.7755575615628914e-17,0.0,0.0
0.0,0.8137254901960784,0.21435591703154708,0.9050433562932568,0.003226826746116409,1.0,1.0,2.7755575615628914e-17,0.0,0.0
0.01841620626151013,0.7418300653594772,0.16682776980322586,0.03662088818596608,0.04445709063357135,0.6666666666666666,4.163336342344337e-17,3.4694469519536136e-17,0.33333333333333337,0.0
0.8508287292817679,0.7254901960784313,0.5076939571004779,0.5023290064962895,0.024531216967635043,1.0,4.163336342344337e-17,1.0,0.0,0.0
0.016574585635359115,0.7450980392156863,0.7661392459745797,0.122383735864683,0.003226826746116409,0.0,4.163336342344337e-17,2.7755575615628914e-17,0.0,0.0
0.0570902394106814,0.7418300653594772,0.06944068172284852,0.07501385215381598,0.09360815714706344,0.3333333333333333,4.163336342344337e-17,0.33333333333333337,0.6666666666666666,0.0
0.35911602209944754,0.7745098039215687,0.08869641852727295,0.2601895650440941,0.19329966387904235,0.0,4.163336342344337e-17,2.7755575615628914e-17,0.0,0.0
0.14838200473559593,0.5873015873015873,0.03806546272311514,0.08457545863817552,0.22068435041704332,0.4761904761904762,1.3877787807814454e-17,0.1904761904761905,0.19047619047619047,0.0
0.026519337016574596,0.7215686274509803,0.08001582145729343,0.018928765622247025,0.028183398148466817,1.0,0.9999999999999998,0.20000000000000004,0.2,0.0
0.03314917127071823,0.3627450980392157,0.9571015983093328,0.5162794269914777,0.035881854548612986,1.0,4.163336342344337e-17,2.7755575615628914e-17,0.0,0.0
0.0,0.7647058823529411,0.5076939571004779,0.011954141526774565,0.0,1.0,1.0,2.7755575615628914e-17,1.0,0.0
0.17817679558011051,0.6348039215686274,0.0573503307850629,0.1228973516612758,0.1711182003516897,0.75,0.2500000000000001,2.7755575615628914e-17,0.5,0.0
0.0,0.7875816993464052,0.2058679525385583,0.21734037957142627,0.01879468160828936,0.6666666666666666,0.6666666666666665,3.4694469519536136e-17,0.33333333333333337,0.0
0.04419889502762432,0.4019607843137255,0.12477297807476788,0.2601895650440941,0.035881854548612986,1.0,4.163336342344337e-17,2.7755575615628914e-17,1.0,0.0
0.0,0.3529411764705882,0.3982502888527715,0.31420201767352085,0.08718331948534655,1.0,4.163336342344337e-17,2.7755575615628914e-17,1.0,0.0
0.04972375690607735,0.4509803921568628,0.3446334401986964,0.17103582734165187,0.4973203326138936,1.0,4.163336342344337e-17,1.0,0.0,0.0
0.014364640883977898,0.6803921568627451,0.13065949441058627,0.03651948386892121,0.07182987625307892,0.7999999999999999,0.4,2.7755575615628914e-17,0.0,0.0
0.0,0.3529411764705882,0.2785508551735532,0.2249603571528316,0.2026804458232342,0.0,4.163336342344337e-17,2.7755575615628914e-17,0.0,0.0
0.03365143144148668,0.4652406417112299,0.039339681641689016,0.12959447269206606,0.5840400350587225,0.3636363636363636,2.7755575615628914e-17,0.09090909090909094,2.7755575615628914e-17,0.0
0.005524861878453036,0.8431372549019608,0.4469566770182387,0.05512277990573985,0.009663887236417095,1.0,4.163336342344337e-17,2.7755575615628914e-17,0.0,0.0
0.0,0.7196078431372549,0.04293806478618732,0.010881190068100528,0.03178207201936424,0.4,0.4,2.7755575615628914e-17,0.0,0.0
0.2672651933701657,0.5575980392156863,0.05157640810258902,0.1597155813198146,0.17304616377989404,0.5,4.163336342344337e-17,0.3750000000000001,0.3750000000000001,0.0
0.047086891009542935,0.7045454545454546,0.022583638930398255,0.057031437751851474,0.11844340844022505,0.34090909090909105,0.06818181818181818,0.11363636363636367,0.15909090909090914,0.0
0.005524861878453036,0.8823529411764706,0.19899541761196746,0.4817550670264951,0.11358462922629907,1.0,4.163336342344337e-17,2.7755575615628914e-17,1.0,0.0
0.06445672191528548,0.6479925303454714,0.03394754267089422,0.08554135359863171,0.1825289131839312,0.2380952380952381,0.047619047619047616,0.04761904761904765,0.1428571428571429,0.0
0.060230051625758535,0.5683060109289618,0.01967678403530729,0.051957870743011565,0.14779594023612425,0.3114754098360658,0.11475409836065575,0.04918032786885247,0.11475409836065585,0.0
0.010359116022099444,0.633578431372549,0.009415542457382232,0.002575707580429543,0.008618476901721905,0.5,0.25,3.4694469519536136e-17,0.0625,0.0
0.12569060773480667,0.8186274509803921,0.11386113667750862,0.118808940612791,0.07947894286599247,0.25,0.2500000000000001,2.7755575615628914e-17,0.0,0.0
0.023480662983425413,0.7916666666666666,0.18835440167756745,0.03082750715364185,0.05457515154941766,0.5,0.5,2.7755575615628914e-17,0.25,0.0
0.0,0.7581699346405228,0.13557200605228056,0.15071491020436825,0.0599227926937257,0.6666666666666666,0.33333333333333337,3.4694469519536136e-17,0.6666666666666666,0.0
0.10093497662558436,0.6625188536953243,0.0262587550766329,0.055559857761833024,0.14763576195632155,0.3461538461538462,0.07692307692307693,0.11538461538461542,0.15384615384615388,0.0
0.02334699697023704,0.7020872865275143,0.015696541848056602,0.025029635439740492,0.06903604029095417,0.2258064516129034,0.09677419354838712,0.06451612903225812,0.03225806451612912,0.0
0.0,0.7647058823529411,0.9571015983093328,0.2021004244086156,0.01501973952674301,0.0,4.163336342344337e-17,2.7755575615628914e-17,0.0,0.0
0.0467043556469228,0.7366621067031459,0.007326691766849228,0.01988949962037629,0.05303157480098596,0.19767441860465146,0.08139534883720947,0.023255813953488448,0.08139534883720917,0.0
0.04102503820383214,0.5006257822277848,0.025863483441618842,0.06737706946636983,0.2430383574415225,0.0851063829787237,0.02127659574468084,0.021276595744680857,0.0851063829787235,0.0
0.0143646408839779,0.7117647058823529,0.051487329454269606,0.05429718464240065,0.1121310822570416,0.0,4.163336342344337e-17,2.7755575615628914e-17,0.0,0.0
0.09944751381215468,0.5490196078431373,0.5788634017796511,0.1804127959076928,0.6023945955158745,1.0,4.163336342344337e-17,2.7755575615628914e-17,0.0,0.0
0.6022099447513813,0.5098039215686274,0.06492648447572291,0.2356297911471032,0.29388357366555395,1.0,1.0,2.7755575615628914e-17,0.0,0.0
0.0,0.8529411764705882,0.9784335904068776,0.2021004244086156,0.01229766780236547,1.0,1.0,2.7755575615628914e-17,0.0,0.0
0.21731123388581955,0.8169934640522876,0.09903813704049663,0.059109591253139214,0.08796769731742374,1.0,4.163336342344337e-17,0.33333333333333337,0.6666666666666666,0.0
0.016254303787332874,0.4651889741403808,0.003366662279020157,0.012545178249434873,0.036968002944546864,0.3623188405797103,0.13043478260869568,6.938893903907227e-17,0.08695652173913053,0.0
0.042234499693063234,0.6029411764705883,0.01597854861585447,0.0368238433580862,0.12823673474850475,0.3000000000000003,0.07777777777777782,0.07777777777777782,0.12222222222222233,0.0
0.13466850828729285,0.7830882352941176,0.08606416644607437,0.029908164185346812,0.06541634812199995,0.5,0.12500000000000006,2.0816681711721685e-17,0.25,0.0
0.0,0.5294117647058824,0.17586456425773528,0.11458937802708782,0.2410219568434457,1.0,4.163336342344337e-17,2.7755575615628914e-17,0.0,0.0
0.03038674033149171,0.7173202614379085,0.035440572816387024,0.01966130923627481,0.05042894958513399,0.5833333333333333,0.16666666666666669,0.08333333333333337,0.25,0.0
0.09944751381215468,0.7058823529411764,0.11491982469191013,0.03182469845059307,0.05156715781952387,0.0,4.163336342344337e-17,3.4694469519536136e-17,0.0,0.0
0.0382794001578532,0.5777310924369748,0.04183631930108029,0.11373056049885387,0.3883855483205776,0.2857142857142857,1.3877787807814454e-17,2.7755575615628914e-17,0.14285714285714285,0.0
0.04931233102151173,0.5423445974134334,0.0129361409912609,0.03089672298928312,0.11560048064700698,0.2446808510638301,0.04255319148936189,0.021276595744680882,0.07446808510638286,0.0
0.005524861878453036,0.696078431372549,0.5076939571004779,0.10538532433693264,0.01501973952674301,1.0,1.0,2.7755575615628914e-17,0.0,0.0
0.026243093922651936,0.6744281045751634,0.024212438729522102,0.027095794094184063,0.06940271441026424,0.29166666666666663,0.125,0.041666666666666685,0.041666666666666734,0.0
0.03038674033149172,0.8235294117647058,0.21435591703154708,0.05795169658283656,0.07611547991878034,1.0,0.5,2.7755575615628914e-17,0.5,0.0
0.08325395313393028,0.6734279918864098,0.0267513932368927,0.07897452246406605,0.11034696652234358,0.3103448275862069,0.06896551724137934,0.13793103448275865,0.06896551724137936,0.0
0.3950276243093923,0.7303921568627451,0.09051593782575793,0.19606379024580808,0.2761779187704955,0.0,4.163336342344337e-17,2.7755575615628914e-17,0.0,0.0
0.16223003515821194,0.6853832442067735,0.037339674190785335,0.1070587886442336,0.15319655708804625,0.4545454545454545,0.09090909090909094,0.2727272727272728,0.18181818181818185,0.0
0.02092750711535242,0.4536541889483066,0.016664184272616043,0.05928956659776296,0.20569011716583732,0.30303030303030304,0.030303030303030307,0.030303030303030325,0.15151515151515155,0.0
0.011293467663308441,0.3516435986159168,0.007006415756923576,0.02081977856552026,0.07836485895249454,0.3529411764705884,0.029411764705882467,6.938893903907227e-17,0.14705882352941185,0.0
0.00385066130922487,0.6978609625668449,0.012895869754505532,0.014773311204575737,0.03495082139642832,0.3939393939393939,0.12121212121212123,0.09090909090909094,0.21212121212121213,0.0
0.009208103130755069,0.7745098039215687,0.13557200605228056,0.08459743934273728,0.09534263797866374,1.0,0.33333333333333337,3.4694469519536136e-17,0.33333333333333337,0.0
0.001381215469613261,0.7598039215686274,0.20798994366180548,0.12744003060403666,0.040212576839938584,1.0,0.5,2.7755575615628914e-17,0.5,0.0
0.0,0.0,0.10977025835781323,0.2356297911471032,0.0015142650652166367,1.0,4.163336342344337e-17,2.7755575615628914e-17,1.0,0.0
0.2350577599196384,0.7406417112299465,0.033514433514941995,0.0564958412506969,0.1400401688456202,0.09090909090909087,0.09090909090909094,0.09090909090909094,2.7755575615628914e-17,0.0
0.1933701657458564,0.4019607843137255,0.2421957783391253,0.07541902980790419,0.18544912544637224,1.0,0.5,2.7755575615628914e-17,0.0,0.0
0.04558011049723757,0.7254901960784313,0.06467419264610771,0.11653796748648662,0.05602929258911467,0.75,0.5,0.25,0.5,0.0
0.01628380343123004,0.7382868937048501,0.004424186341714974,0.012381909175129869,0.02757559185157029,0.3894736842105265,0.16842105263157908,0.04210526315789477,0.1894736842105264,0.0
0.08943370165745859,0.6268382352941176,0.03957782184692632,0.12669259506266833,0.2322815290594677,0.1875,1.3877787807814454e-17,0.06250000000000003,0.125,0.0
0.0,0.7450980392156863,0.2397840618424379,0.2249603571528316,0.10652195110759312,1.0,1.0,2.7755575615628914e-17,0.0,0.0
0.017387065323366927,0.3993656286043829,0.0,0.0,0.010992411900920318,0.4411764705882353,0.2647058823529412,1.3877787807814454e-17,0.32352941176470595,0.0
0.05635359116022101,0.5980392156862745,0.06482556774387684,0.18618141201287744,0.4855272149813914,0.4,4.163336342344337e-17,2.7755575615628914e-17,0.0,0.0
0.034361945829403044,0.4705882352941177,0.01968027006997513,0.06039886382021945,0.23893240275821365,0.12195121951219536,0.0,0.0,0.04878048780487813,0.0
0.010531767955801134,0.3795955882352939,0.01032007807610805,0.026601854081049682,0.0901051794031272,0.2812500000000002,0.046875,6.245004513516506e-17,0.2656250000000001,0.0
0.040786480337991565,0.32266435986159164,0.022296180559041773,0.06795041739202992,0.3416597426732679,0.2647058823529413,0.0,1.3877787807814454e-17,0.17647058823529418,0.0
0.0,0.2352941176470588,0.1893843002932933,0.4484030113048056,0.054023536661111086,1.0,4.163336342344337e-17,2.7755575615628914e-17,1.0,0.0
0.5138121546961326,0.7352941176470588,0.3523340549284145,0.0828199330338441,0.09333051457152364,1.0,4.163336342344337e-17,2.7755575615628914e-17,0.0,0.0
0.13259668508287292,0.5686274509803921,0.3921029830531232,0.1804127959076928,0.08718331948534655,1.0,1.0,2.7755575615628914e-17,0.0,0.0
0.113354924747571,0.468897903989182,0.03420472782138384,0.08094914768904057,0.3696364904878374,0.4482758620689655,0.10344827586206898,0.03448275862068968,0.103448275862069,0.0
0.055248618784530384,0.4019607843137255,0.2966364579792203,0.122383735864683,0.12769974286992564,1.0,1.0,2.7755575615628914e-17,0.0,0.0
0.0,0.7091503267973855,0.1946414056534864,0.0725324748388455,0.02085651573726736,0.6666666666666666,0.33333333333333337,3.4694469519536136e-17,0.6666666666666666,0.0
0.09116022099447517,0.4898190045248869,0.02964478055938585,0.06979991631020792,0.24080233199593426,0.2692307692307692,0.038461538461538484,0.0384615384615385,0.07692307692307697,0.0
0.02357274401473296,0.6764705882352942,0.027733628814288303,0.011207383723796841,0.018141272408746675,0.4666666666666667,0.26666666666666666,3.4694469519536136e-17,0.13333333333333333,0.0
0.08502148557397178,0.6149237472766884,0.04508289696415985,0.13297436496259987,0.3320004873653737,0.3333333333333333,0.055555555555555566,0.0555555555555556,0.16666666666666669,0.0
0.06289842753931152,0.3770739064856712,0.038145051970892435,0.1103413532470162,0.3921878129900294,0.30769230769230765,1.3877787807814454e-17,2.7755575615628914e-17,0.07692307692307693,0.0
0.0,0.8088235294117647,0.18000760047019668,0.17572431162467236,0.16579481708366314,1.0,0.5,0.5,0.0,0.0
0.0,0.1862745098039216,0.14442917810080375,0.1804127959076928,0.15904207985289998,0.0,4.163336342344337e-17,2.7755575615628914e-17,1.0,0.0
0.001381215469613261,0.6899509803921569,0.0433291610753713,0.07848588761188177,0.15496632132737462,0.12499999999999994,0.12500000000000006,0.12500000000000006,0.125,0.0
0.01657458563535914,0.5070806100217865,0.01352678579700592,0.04926256124954452,0.1272673517732798,0.25000000000000017,0.1388888888888889,0.02777777777777779,0.13888888888888895,0.0
0.013812154696132598,0.75,0.19899541761196746,0.1805314917123262,0.07552991083207555,1.0,0.5,2.7755575615628914e-17,1.0,0.0
0.054775059194948704,0.5112044817927172,0.029944244401957237,0.08538225516561335,0.2811002137717117,0.2571428571428573,0.0,6.938893903907227e-18,0.02857142857142865,0.0
0.16574585635359115,0.4803921568627451,0.08260713105778007,0.11388453010080782,0.2091040885156761,1.0,4.163336342344337e-17,2.7755575615628914e-17,0.0,0.0
0.21915285451197056,0.6405228758169934,0.07537925827747641,0.21734037957142627,0.4798556176666442,0.3333333333333333,0.33333333333333337,0.33333333333333337,0.33333333333333337,0.0
0.008287292817679558,0.7794117647058824,0.2016884351033477,0.022401570404972496,0.04620628665824315,1.0,0.5,0.5,0.5,0.0
0.03314917127071823,0.6876750700280112,0.054252827998077104,0.015336657948762128,0.03256135196619172,0.7142857142857142,0.42857142857142855,2.0816681711721685e-17,0.2857142857142857,0.0
0.02209944751381216,0.3284313725490196,0.14442917810080375,0.07478964896728615,0.2643047040545923,0.5,4.163336342344337e-17,2.7755575615628914e-17,0.0,0.0
0.04016723906226671,0.4891361950185478,0.013536071422464187,0.03728351731753828,0.1583959327446267,0.2702702702702706,0.0405405405405406,0.06756756756756757,0.0945945945945947,0.0
0.008839779005524863,0.5705882352941176,0.04385229301893925,0.03750421943328745,0.11598311692781185,0.4,4.163336342344337e-17,2.7755575615628914e-17,0.2,0.0
0.040788486460678,0.4369402081820381,0.010976762977927835,0.03266322162461525,0.12852075631029258,0.2962962962962965,0.0370370370370371,0.012345679012345769,0.13580246913580254,0.0
0.19889502762430936,0.4705882352941176,0.21435591703154708,0.5907192810602871,0.15904207985289998,1.0,4.163336342344337e-17,1.0,0.0,0.0
0.005524861878453036,0.7647058823529411,0.20438145259472798,0.3423373195125559,0.07522713975978251,1.0,4.163336342344337e-17,2.7755575615628914e-17,1.0,0.0
0.060354930520676385,0.6683006535947713,0.01620920122438169,0.05051367038919235,0.11520554452335093,0.4090909090909092,0.09090909090909093,0.1515151515151515,0.19696969696969704,0.0
0.08287292817679558,0.42892156862745096,0.05031348384516569,0.13639350426218794,0.497704942010531,0.375,0.12500000000000006,2.0816681711721685e-17,0.125,0.0
0.03591160220994475,0.5980392156862745,0.02292015123892879,0.08920862481471561,0.14371846817503206,0.375,4.163336342344337e-17,0.12500000000000006,0.25,0.0
0.08655616942909762,0.5326797385620915,0.06390471721687484,0.14755017720757824,0.4936025442056691,0.6666666666666666,4.163336342344337e-17,3.4694469519536136e-17,0.0,0.0
0.055862492326580734,0.5718954248366013,0.054903085386702036,0.1422030044778574,0.4865601464226581,0.1111111111111111,4.163336342344337e-17,2.0816681711721685e-17,0.0,0.0
0.0,0.7614379084967321,0.1943403745195824,0.12306855692680675,0.08601470781840401,0.6666666666666666,4.163336342344337e-17,0.33333333333333337,0.33333333333333337,0.0
0.0144727360076868,0.3566709292412614,0.0052404330902949955,0.016816830857470225,0.060339335974248114,0.3586956521739132,0.04347826086956527,6.245004513516506e-17,0.14130434782608706,0.0
0.0,0.2549019607843137,0.16151821352839746,0.0828199330338441,0.040202385459122233,1.0,4.163336342344337e-17,2.7755575615628914e-17,0.0,0.0
0.01841620626151013,0.8071895424836599,0.0510606896123187,0.1172949585285881,0.13377390826241364,0.5,4.163336342344337e-17,0.5000000000000001,0.16666666666666666,0.0
0.0020718232044198838,0.5453431372549019,0.0291542281396744,0.11096164591170962,0.2554331838734048,0.0,4.163336342344337e-17,2.0816681711721685e-17,0.0,0.0
0.024072612470402537,0.6512605042016808,0.009850067727141958,0.015372926111289025,0.04488124253900203,0.4642857142857144,0.125,0.07142857142857148,0.19642857142857148,0.0
0.0,0.9607843137254902,0.061861182699178716,0.08879868467463903,0.2410219568434457,0.0,4.163336342344337e-17,2.7755575615628914e-17,1.0,0.0
0.07989800254993625,0.6764705882352942,0.020068284901597042,0.03669748248724662,0.10943917575925356,0.42307692307692296,0.03846153846153847,0.15384615384615385,0.15384615384615388,0.0
0.007642725598526728,0.33758169934640503,0.0023109879308457646,0.0037314041802760326,0.023713642889099752,0.3666666666666667,0.03333333333333338,5.551115123125783e-17,0.2833333333333334,0.0
0.0,0.7058823529411764,0.21892090473604786,0.005447852976497707,0.0015142650652166367,0.0,4.163336342344337e-17,2.7755575615628914e-17,0.0,0.0
0.08839779005524863,0.6601307189542484,0.05466661673803831,0.07994778763777594,0.09258697054667044,0.3333333333333333,0.3333333333333333,3.4694469519536136e-17,0.0,0.0
0.06597335066623337,0.6346597462514417,0.022762878214207524,0.07001927578491804,0.14825670692271128,0.32352941176470595,0.05882352941176471,0.05882352941176474,0.17647058823529418,0.0
0.005524861878453036,0.3897058823529412,0.054707273522427526,0.17572431162467236,0.6439579144112476,0.75,4.163336342344337e-17,2.7755575615628914e-17,0.25,0.0
0.0,0.4215686274509804,0.18000760047019668,0.2356297911471032,0.14295608631310874,1.0,4.163336342344337e-17,2.7755575615628914e-17,0.0,0.0
0.01104972375690608,0.2843137254901961,0.09947962332383413,0.08879868467463903,0.4016391427686469,1.0,4.163336342344337e-17,2.7755575615628914e-17,1.0,0.0
0.02557221783741124,0.7369747899159662,0.0035761272940680717,0.004474840454564448,0.021239891145225,0.4285714285714287,0.2285714285714286,0.014285714285714297,0.12857142857142867,0.0
0.047212456052235056,0.6782531194295901,0.016245429382789122,0.00951841302855053,0.01784367850203966,0.5454545454545454,0.18181818181818188,0.09090909090909097,0.09090909090909093,0.0
0.0299844445636432,0.5590138968208642,0.008656931596300026,0.024889451827020938,0.08468465165897167,0.2330097087378644,0.058252427184466236,0.029126213592233087,0.13592233009708726,0.0
0.0,0.38235294117647056,0.033233239073656176,0.10538532433693264,0.4280312341751926,0.0,4.163336342344337e-17,2.7755575615628914e-17,0.0,1.0
0.005524861878453039,0.5686274509803921,0.07667080100415148,0.2021004244086156,0.7707074518557124,0.0,4.163336342344337e-17,2.7755575615628914e-17,0.0,1.0
0.0,0.7549019607843137,0.013870353938961563,0.019632734320344545,0.12769974286992564,0.0,4.163336342344337e-17,2.7755575615628914e-17,0.0,1.0
0.5414364640883979,0.8137254901960784,0.03100597984380125,0.0742034968456396,0.11358462922629907,0.0,4.163336342344337e-17,2.7755575615628914e-17,0.0,1.0
0.005524861878453039,0.7058823529411764,0.03100597984380125,0.0742034968456396,0.19329966387904235,0.0,4.163336342344337e-17,2.7755575615628914e-17,0.0,1.0
0.0,0.7647058823529411,0.023504619985323917,0.06801812658196424,0.21185617103984453,0.0,4.163336342344337e-17,2.7755575615628914e-17,0.0,1.0
0.14364640883977906,0.7843137254901961,0.012633508627921222,0.032848999283170435,0.12054303774027078,0.0,4.163336342344337e-17,2.7755575615628914e-17,0.0,1.0
0.0,0.8627450980392157,0.029236420774061224,0.0742034968456396,0.054023536661111086,0.0,4.163336342344337e-17,2.7755575615628914e-17,0.0,1.0
0.0,0.29411764705882354,0.013870353938961563,0.038506832637363896,0.1672082950260326,0.0,4.163336342344337e-17,2.7755575615628914e-17,0.0,1.0
0.0,0.3431372549019608,0.03100597984380125,0.0742034968456396,0.4688633343002343,0.0,4.163336342344337e-17,2.7755575615628914e-17,0.0,1.0
0.0,0.4215686274509804,0.01865247084874087,0.048530033917520116,0.15071669477234406,0.0,4.163336342344337e-17,2.7755575615628914e-17,0.0,1.0
0.0,0.5196078431372549,0.10977025835781323,0.31420201767352085,1.0,0.0,4.163336342344337e-17,2.7755575615628914e-17,0.0,1.0
0.11602209944751382,0.5686274509803921,0.04906814089991067,0.14055445163572647,0.4688633343002343,0.0,4.163336342344337e-17,2.7755575615628914e-17,0.0,1.0
0.0,0.7549019607843137,0.023504619985323917,0.02848363135720765,0.13539377446955655,0.0,4.163336342344337e-17,2.7755575615628914e-17,0.0,1.0
0.16022099447513813,0.8725490196078431,0.039445009684588236,0.14055445163572647,0.08718331948534655,0.0,4.163336342344337e-17,2.7755575615628914e-17,0.0,1.0
0.0,0.6078431372549019,0.07334763998247212,0.2021004244086156,0.4150247788828854,0.0,4.163336342344337e-17,2.7755575615628914e-17,0.0,1.0
0.0,0.5980392156862745,0.08226165827367286,0.2754881354190695,0.7182090374092303,0.0,4.163336342344337e-17,2.7755575615628914e-17,0.0,1.0
0.03314917127071823,0.4215686274509804,0.01865247084874087,0.06078061325993329,0.12054303774027078,0.0,4.163336342344337e-17,2.7755575615628914e-17,0.0,1.0
0.0,0.4607843137254902,0.004728071611442321,0.015264435633773532,0.015019739526743002,0.0,4.163336342344337e-17,2.7755575615628914e-17,0.0,1.0
0.0,0.0,0.04614964307997183,0.13223255688864938,0.3279629365598324,0.0,4.163336342344337e-17,2.7755575615628914e-17,0.0,1.0
0.005524861878453039,0.3137254901960784,0.007710741220795473,0.023470565336825417,0.08718331948534655,0.0,4.163336342344337e-17,2.7755575615628914e-17,0.0,1.0
0.0,0.3137254901960784,0.011186273614600143,0.032848999283170435,0.12769974286992564,0.0,4.163336342344337e-17,2.7755575615628914e-17,0.0,1.0
0.04972375690607735,0.3725490196078432,0.013870353938961563,0.038506832637363896,0.1672082950260326,0.0,4.163336342344337e-17,2.7755575615628914e-17,0.0,1.0
0.0,0.4509803921568628,0.027138091166773883,0.0828199330338441,0.22123019287213805,0.0,4.163336342344337e-17,2.7755575615628914e-17,0.0,1.0
0.0,0.5882352941176471,0.04147301404320236,0.11458937802708782,0.526606981024161,0.0,4.163336342344337e-17,2.7755575615628914e-17,0.0,1.0
0.08839779005524863,0.6274509803921569,0.03510828601640604,0.0828199330338441,0.37663574222751023,0.0,4.163336342344337e-17,2.7755575615628914e-17,0.0,1.0
0.32044198895027626,0.8627450980392157,0.010054916176569641,0.023470565336825417,0.058962925088127276,0.0,4.163336342344337e-17,2.7755575615628914e-17,0.0,1.0
0.0,0.7941176470588235,0.056469580300898124,0.032848999283170435,0.08718331948534655,0.0,4.163336342344337e-17,2.7755575615628914e-17,0.0,1.0
0.11049723756906077,0.8039215686274509,0.02547401997004369,0.06078061325993329,0.2410219568434457,0.0,4.163336342344337e-17,2.7755575615628914e-17,0.0,1.0
0.4530386740331492,0.8823529411764706,0.04147301404320236,0.10538532433693264,0.22123019287213805,0.0,4.163336342344337e-17,2.7755575615628914e-17,0.0,1.0
0.005524861878453039,0.7352941176470588,0.003725643795979392,0.011954141526774565,0.040202385459122233,0.0,4.163336342344337e-17,2.7755575615628914e-17,0.0,1.0
0.0,0.7254901960784313,0.013870353938961563,0.023470565336825417,0.04453787055655797,0.0,4.163336342344337e-17,2.7755575615628914e-17,0.0,1.0
0.005524861878453039,0.7549019607843137,0.027138091166773883,0.06078061325993329,0.19329966387904235,0.0,4.163336342344337e-17,2.7755575615628914e-17,0.0,1.0
0.2596685082872928,0.6274509803921569,0.04401615084834787,0.08879868467463903,0.526606981024161,0.0,4.163336342344337e-17,2.7755575615628914e-17,0.0,1.0
0.0,0.3431372549019608,0.011186273614600143,0.02848363135720765,0.15904207985289998,0.0,4.163336342344337e-17,2.7755575615628914e-17,0.0,1.0
0.0,0.3235294117647059,0.002958219519832825,0.005447852976497707,0.02120524191367706,0.0,4.163336342344337e-17,2.7755575615628914e-17,0.0,1.0
0.0,0.3333333333333333,0.04147301404320236,0.122383735864683,0.4552529756783466,0.0,4.163336342344337e-17,2.7755575615628914e-17,0.0,1.0
0.2375690607734807,0.5882352941176471,0.07667080100415148,0.2356297911471032,0.8070000344151153,0.0,4.163336342344337e-17,2.7755575615628914e-17,0.0,1.0
0.0,0.6666666666666666,0.012633508627921222,0.019632734320344545,0.005229253831139782,0.0,4.163336342344337e-17,2.7755575615628914e-17,0.0,1.0
0.11049723756906077,0.8529411764705882,0.016788851758900405,0.048530033917520116,0.23967669457568624,0.0,4.163336342344337e-17,2.7755575615628914e-17,0.0,1.0
0.26519337016574585,0.8823529411764706,0.04401615084834787,0.11458937802708782,0.04453787055655797,0.0,4.163336342344337e-17,2.7755575615628914e-17,0.0,1.0
0.005524861878453039,0.696078431372549,0.023504619985323917,0.038506832637363896,0.2312423282972549,0.0,4.163336342344337e-17,2.7755575615628914e-17,0.0,1.0
0.281767955801105,0.8627450980392157,0.06748720259303671,0.14055445163572647,0.10652195110759312,0.0,4.163336342344337e-17,2.7755575615628914e-17,0.0,1.0
0.03314917127071823,0.7156862745098039,0.016788851758900405,0.048530033917520116,0.09996914930751874,0.0,4.163336342344337e-17,2.7755575615628914e-17,0.0,1.0
0.005524861878453039,0.7647058823529411,0.016788851758900405,0.048530033917520116,0.18452954537632926,0.0,4.163336342344337e-17,2.7755575615628914e-17,0.0,1.0
0.3149171270718232,0.8137254901960784,0.033233239073656176,0.10538532433693264,0.2026804458232342,0.0,4.163336342344337e-17,2.7755575615628914e-17,0.0,1.0
0.08287292817679558,0.6666666666666666,0.006732341198629235,0.015264435633773532,0.058962925088127276,0.0,4.163336342344337e-17,2.7755575615628914e-17,0.0,1.0
0.0,0.7549019607843137,0.007710741220795473,0.011954141526774565,0.06968384800318586,0.0,4.163336342344337e-17,2.7755575615628914e-17,0.0,1.0
0.0,0.8823529411764706,0.027138091166773883,0.0742034968456396,0.21185617103984453,0.0,4.163336342344337e-17,2.7755575615628914e-17,0.0,1.0
0.04419889502762432,0.3333333333333333,0.029236420774061224,0.06801812658196424,0.3165698946405833,0.0,4.163336342344337e-17,2.7755575615628914e-17,0.0,1.0
0.04419889502762432,0.6764705882352942,0.0857717672480752,0.21224232149340527,0.6345573642610504,0.0,4.163336342344337e-17,2.7755575615628914e-17,0.0,1.0
0.0,0.7647058823529411,0.03510828601640604,0.0828199330338441,0.2616433709113614,0.0,4.163336342344337e-17,2.7755575615628914e-17,0.0,1.0
0.03867403314917128,0.696078431372549,0.023504619985323917,0.06078061325993329,0.06433885286227238,0.0,4.163336342344337e-17,2.7755575615628914e-17,0.0,1.0
0.0,0.4607843137254902,0.01559332253145558,0.048530033917520116,0.14295608631310874,0.0,4.163336342344337e-17,2.7755575615628914e-17,0.0,1.0
0.0,0.392156862745098,0.03703080250201032,0.048530033917520116,0.06968384800318586,1.0,4.163336342344337e-17,2.7755575615628914e-17,0.0,1.0
0.01104972375690608,0.27450980392156865,0.013870353938961563,0.05512277990573985,0.18452954537632926,1.0,4.163336342344337e-17,2.7755575615628914e-17,0.0,1.0
0.0,0.24509803921568624,0.011186273614600143,0.02848363135720765,0.13539377446955655,1.0,4.163336342344337e-17,2.7755575615628914e-17,1.0,1.0
0.0,0.2058823529411765,0.012633508627921222,0.032848999283170435,0.12054303774027078,0.0,4.163336342344337e-17,2.7755575615628914e-17,1.0,1.0
0.0,0.3333333333333333,0.020105566299451382,0.06801812658196424,0.21185617103984453,1.0,4.163336342344337e-17,2.7755575615628914e-17,0.0,1.0
0.1270718232044199,0.3725490196078432,0.021946036661603573,0.0742034968456396,0.13539377446955655,1.0,4.163336342344337e-17,2.7755575615628914e-17,0.0,1.0
0.16022099447513813,0.4607843137254902,0.010054916176569641,0.02848363135720765,0.06968384800318586,1.0,4.163336342344337e-17,2.7755575615628914e-17,0.0,1.0
0.0,0.4411764705882353,0.01559332253145558,0.038506832637363896,0.054023536661111086,0.0,4.163336342344337e-17,2.7755575615628914e-17,0.0,1.0
0.0,0.4117647058823529,0.012633508627921222,0.038506832637363896,0.06433885286227238,0.0,4.163336342344337e-17,2.7755575615628914e-17,0.0,1.0
0.0,0.4607843137254902,0.061861182699178716,0.17103582734165187,0.8625728658121886,0.0,4.163336342344337e-17,2.7755575615628914e-17,0.0,1.0
0.4475138121546962,0.6176470588235294,0.09947962332383413,0.2601895650440941,0.6023945955158745,1.0,4.163336342344337e-17,1.0,0.0,1.0
0.0276243093922652,0.6470588235294118,0.002958219519832825,0.011954141526774565,0.005229253831139782,0.0,4.163336342344337e-17,2.7755575615628914e-17,0.0,1.0
0.0,0.6666666666666666,0.004728071611442321,0.011954141526774565,0.0032268267461164155,1.0,1.0,2.7755575615628914e-17,0.0,1.0
0.0,0.6078431372549019,0.013870353938961563,0.038506832637363896,0.15904207985289998,0.0,4.163336342344337e-17,2.7755575615628914e-17,0.0,1.0
0.0,0.7843137254901961,0.10977025835781323,0.11458937802708782,0.15071669477234406,1.0,1.0,2.7755575615628914e-17,0.0,1.0
0.055248618784530384,0.8823529411764706,0.04147301404320236,0.14055445163572647,0.08123442101485259,1.0,4.163336342344337e-17,1.0,1.0,1.0
0.03867403314917128,0.8431372549019608,0.013870353938961563,0.032848999283170435,0.04453787055655797,1.0,4.163336342344337e-17,1.0,1.0,1.0
0.10497237569060774,0.9117647058823528,0.033233239073656176,0.0742034968456396,0.2720269027871328,1.0,4.163336342344337e-17,1.0,1.0,1.0
0.9723756906077348,0.7647058823529411,0.04614964307997183,0.0742034968456396,0.028220394397219267,1.0,1.0,1.0,1.0,1.0
0.7734806629834254,0.8039215686274509,0.01559332253145558,0.048530033917520116,0.0180775634754022,1.0,4.163336342344337e-17,1.0,0.0,1.0
0.0,0.4607843137254902,0.006732341198629235,0.023470565336825417,0.06433885286227238,0.0,4.163336342344337e-17,2.7755575615628914e-17,0.0,1.0
0.0,0.4117647058823529,0.021946036661603573,0.06801812658196424,0.2616433709113614,1.0,4.163336342344337e-17,2.7755575615628914e-17,0.0,1.0
0.1933701657458564,0.5784313725490196,0.0510606896123187,0.17103582734165187,0.7013718520412261,1.0,4.163336342344337e-17,2.7755575615628914e-17,0.0,1.0
0.39226519337016574,0.7647058823529411,0.061861182699178716,0.19002715608300053,0.2312423282972549,1.0,4.163336342344337e-17,1.0,1.0,1.0
0.0,0.16666666666666666,0.008736610785816142,0.02848363135720765,0.06433885286227238,1.0,4.163336342344337e-17,2.7755575615628914e-17,0.0,1.0
0.0,0.09803921568627452,0.012633508627921222,0.032848999283170435,0.14295608631310874,1.0,4.163336342344337e-17,2.7755575615628914e-17,1.0,1.0
0.005524861878453039,0.1764705882352941,0.033233239073656176,0.05512277990573985,0.15071669477234406,1.0,1.0,2.7755575615628914e-17,1.0,1.0
0.0,0.1764705882352941,0.0857717672480752,0.2601895650440941,0.8324842223085333,1.0,1.0,2.7755575615628914e-17,1.0,1.0
0.0,0.4215686274509804,0.016788851758900405,0.048530033917520116,0.21185617103984453,0.0,4.163336342344337e-17,2.7755575615628914e-17,0.0,1.0
0.0,0.4901960784313725,0.020105566299451382,0.05512277990573985,0.2616433709113614,0.0,4.163336342344337e-17,2.7755575615628914e-17,0.0,1.0
0.0,0.4117647058823529,0.02547401997004369,0.048530033917520116,0.3395542750947646,1.0,4.163336342344337e-17,2.7755575615628914e-17,0.0,1.0
0.04419889502762432,0.4019607843137255,0.05940595245487474,0.14055445163572647,0.95957760362637,1.0,4.163336342344337e-17,2.7755575615628914e-17,0.0,1.0
0.0,0.4215686274509804,0.0510606896123187,0.14055445163572647,0.7532663631581276,0.0,4.163336342344337e-17,2.7755575615628914e-17,0.0,1.0
0.0,0.9901960784313726,0.061861182699178716,0.048530033917520116,0.12769974286992564,1.0,4.163336342344337e-17,1.0,0.0,1.0
0.0,1.0,0.029236420774061224,0.048530033917520116,0.09996914930751874,1.0,4.163336342344337e-17,2.7755575615628914e-17,1.0,1.0
0.0,0.9019607843137256,0.012633508627921222,0.02848363135720765,0.058962925088127276,1.0,4.163336342344337e-17,2.7755575615628914e-17,1.0,1.0
0.0,1.0,0.016788851758900405,0.06801812658196424,0.08718331948534655,0.0,4.163336342344337e-17,2.7755575615628914e-17,0.0,1.0
0.005524861878453039,0.7058823529411764,0.006732341198629235,0.023470565336825417,0.06433885286227238,0.0,4.163336342344337e-17,2.7755575615628914e-17,0.0,1.0
0.0,0.6078431372549019,0.020105566299451382,0.023470565336825417,0.06968384800318586,0.0,4.163336342344337e-17,2.7755575615628914e-17,0.0,1.0
0.0,0.5588235294117647,0.016788851758900405,0.019632734320344545,0.06433885286227238,0.0,4.163336342344337e-17,2.7755575615628914e-17,0.0,1.0
0.01104972375690608,0.6764705882352942,0.12477297807476788,0.19002715608300053,0.7013718520412261,0.0,4.163336342344337e-17,2.7755575615628914e-17,0.0,1.0
0.005524861878453039,0.3137254901960784,0.021946036661603573,0.032848999283170435,0.08123442101485259,1.0,4.163336342344337e-17,2.7755575615628914e-17,0.0,1.0
0.0,0.3627450980392157,0.012633508627921222,0.038506832637363896,0.12769974286992564,1.0,4.163336342344337e-17,2.7755575615628914e-17,0.0,1.0
0.0,0.3627450980392157,0.1893843002932933,0.21224232149340527,0.8812217611689342,0.0,4.163336342344337e-17,2.7755575615628914e-17,0.0,1.0
0.27624309392265195,0.4803921568627451,0.08226165827367286,0.21224232149340527,0.2026804458232342,1.0,4.163336342344337e-17,2.7755575615628914e-17,0.0,1.0
0.0,0.6372549019607843,0.010054916176569641,0.02848363135720765,0.1672082950260326,1.0,4.163336342344337e-17,2.7755575615628914e-17,0.0,1.0
0.0,0.5980392156862745,0.021946036661603573,0.06078061325993329,0.29388357366555395,1.0,4.163336342344337e-17,2.7755575615628914e-17,0.0,1.0
0.0,0.6666666666666666,0.016788851758900405,0.048530033917520116,0.22123019287213805,0.0,4.163336342344337e-17,2.7755575615628914e-17,0.0,1.0
0.0,0.6176470588235294,0.013870353938961563,0.048530033917520116,0.29388357366555395,1.0,4.163336342344337e-17,2.7755575615628914e-17,0.0,1.0
0.0,0.7450980392156863,0.21892090473604786,0.15104803999350408,0.15071669477234406,0.0,4.163336342344337e-17,2.7755575615628914e-17,0.0,1.0
0.0,0.9215686274509804,0.0510606896123187,0.17103582734165187,0.08718331948534655,1.0,1.0,1.0,0.0,1.0
0.005524861878453039,0.8039215686274509,0.1407133677740322,0.023470565336825417,0.04907165226967685,1.0,1.0,1.0,0.0,1.0
0.0,0.7450980392156863,0.008736610785816142,0.023470565336825417,0.02120524191367706,1.0,1.0,2.7755575615628914e-17,1.0,1.0
0.0,0.7647058823529411,0.01559332253145558,0.048530033917520116,0.06968384800318586,1.0,4.163336342344337e-17,2.7755575615628914e-17,0.0,1.0
0.0,0.8137254901960784,0.054119837929604,0.10538532433693264,0.015019739526743002,1.0,1.0,1.0,0.0,1.0
0.0,0.8725490196078431,0.09947962332383413,0.011954141526774565,0.012297667802365473,1.0,1.0,2.7755575615628914e-17,0.0,1.0
0.055248618784530384,0.892156862745098,0.02547401997004369,0.048530033917520116,0.0180775634754022,1.0,1.0,1.0,0.0,1.0
0.0,0.9117647058823528,0.19899541761196746,0.08879868467463903,0.009663887236417095,1.0,1.0,1.0,1.0,1.0
0.0,0.9901960784313726,0.03510828601640604,0.06078061325993329,0.21185617103984453,1.0,4.163336342344337e-17,2.7755575615628914e-17,0.0,1.0
0.0,0.9411764705882352,0.05940595245487474,0.05512277990573985,0.031951976165074565,1.0,1.0,2.7755575615628914e-17,1.0,1.0
0.0,0.9215686274509804,0.006732341198629235,0.011954141526774565,0.012297667802365473,1.0,1.0,2.7755575615628914e-17,1.0,1.0
0.07734806629834255,0.931372549019608,0.02547401997004369,0.06801812658196424,0.04907165226967685,1.0,4.163336342344337e-17,1.0,1.0,1.0
0.0,0.8725490196078431,0.02547401997004369,0.032848999283170435,0.10652195110759312,1.0,1.0,2.7755575615628914e-17,0.0,1.0
0.2983425414364641,0.8039215686274509,0.1407133677740322,0.2601895650440941,0.040202385459122233,1.0,1.0,1.0,1.0,1.0
0.0,0.8725490196078431,0.020105566299451382,0.06078061325993329,0.08123442101485259,0.0,4.163336342344337e-17,2.7755575615628914e-17,0.0,1.0
0.0,0.8627450980392157,0.005600983760598725,0.011954141526774565,0.031951976165074565,1.0,1.0,2.7755575615628914e-17,0.0,1.0
0.0,0.8431372549019608,0.005600983760598725,0.005447852976497707,0.009663887236417095,1.0,4.163336342344337e-17,2.7755575615628914e-17,0.0,1.0
0.005524861878453039,0.8627450980392157,0.012633508627921222,0.019632734320344545,0.04453787055655797,1.0,4.163336342344337e-17,2.7755575615628914e-17,1.0,1.0
0.3425414364640884,0.9509803921568628,0.054119837929604,0.122383735864683,0.11358462922629907,1.0,4.163336342344337e-17,1.0,1.0,1.0
0.016574585635359115,0.7647058823529411,0.01559332253145558,0.032848999283170435,0.02120524191367706,1.0,4.163336342344337e-17,1.0,0.0,1.0
0.16574585635359115,0.6666666666666666,0.013870353938961563,0.038506832637363896,0.06968384800318586,1.0,4.163336342344337e-17,2.7755575615628914e-17,0.0,1.0
0.3370165745856354,0.8235294117647058,0.039445009684588236,0.08879868467463903,0.035881854548612986,1.0,4.163336342344337e-17,1.0,1.0,1.0
0.01104972375690608,0.696078431372549,0.012633508627921222,0.032848999283170435,0.17595772348929942,0.0,4.163336342344337e-17,1.0,0.0,1.0
0.0,0.3431372549019608,0.012633508627921222,0.048530033917520116,0.17595772348929942,0.0,4.163336342344337e-17,2.7755575615628914e-17,0.0,1.0
0.04972375690607735,0.3333333333333333,0.020105566299451382,0.048530033917520116,0.3048710088709057,1.0,4.163336342344337e-17,2.7755575615628914e-17,0.0,1.0
0.0,0.2549019607843137,0.003725643795979392,0.011954141526774565,0.028220394397219267,1.0,4.163336342344337e-17,2.7755575615628914e-17,0.0,1.0
0.0,0.2352941176470588,0.012633508627921222,0.02848363135720765,0.10652195110759312,0.0,4.163336342344337e-17,2.7755575615628914e-17,0.0,1.0
0.06077348066298342,0.2647058823529412,0.020105566299451382,0.048530033917520116,0.2616433709113614,1.0,4.163336342344337e-17,2.7755575615628914e-17,0.0,1.0
0.3867403314917127,0.3137254901960784,0.011186273614600143,0.023470565336825417,0.09333051457152364,1.0,1.0,2.7755575615628914e-17,0.0,1.0
0.0,0.22549019607843135,0.008736610785816142,0.023470565336825417,0.06968384800318586,1.0,4.163336342344337e-17,2.7755575615628914e-17,0.0,1.0
0.0,0.2058823529411765,0.023504619985323917,0.06078061325993329,0.2720269027871328,0.0,4.163336342344337e-17,2.7755575615628914e-17,0.0,1.0
0.0,0.14705882352941174,0.03510828601640604,0.0828199330338441,0.5869725269052455,0.0,4.163336342344337e-17,2.7755575615628914e-17,1.0,1.0
0.3038674033149172,0.3529411764705882,0.04147301404320236,0.122383735864683,0.2720269027871328,1.0,4.163336342344337e-17,2.7755575615628914e-17,1.0,1.0
0.005524861878453039,0.5294117647058824,0.07944249486748496,0.2021004244086156,0.5115345945653618,0.0,4.163336342344337e-17,2.7755575615628914e-17,0.0,1.0
0.0,0.6764705882352942,0.06492648447572291,0.19002715608300053,0.5869725269052455,0.0,4.163336342344337e-17,2.7755575615628914e-17,0.0,1.0
0.2541436464088398,0.7549019607843137,0.0510606896123187,0.048530033917520116,0.054023536661111086,1.0,4.163336342344337e-17,1.0,1.0,1.0
0.0,0.8627450980392157,0.023504619985323917,0.06801812658196424,0.11358462922629907,0.0,4.163336342344337e-17,2.7755575615628914e-17,0.0,1.0
0.0,0.7450980392156863,0.008736610785816142,0.023470565336825417,0.10652195110759312,0.0,4.163336342344337e-17,2.7755575615628914e-17,0.0,1.0
0.0,0.8039215686274509,0.011186273614600143,0.02848363135720765,0.13539377446955655,1.0,4.163336342344337e-17,2.7755575615628914e-17,0.0,1.0
0.17679558011049726,0.7254901960784313,0.008736610785816142,0.0021067858831122985,0.005229253831139782,1.0,1.0,2.7755575615628914e-17,1.0,1.0
0.0,0.8431372549019608,0.006732341198629235,0.019632734320344545,0.054023536661111086,1.0,4.163336342344337e-17,2.7755575615628914e-17,0.0,1.0
0.0,0.8431372549019608,0.008736610785816142,0.02848363135720765,0.04907165226967685,1.0,1.0,2.7755575615628914e-17,1.0,1.0
0.0,0.8039215686274509,0.027138091166773883,0.015264435633773532,0.0032268267461164155,0.0,4.163336342344337e-17,2.7755575615628914e-17,0.0,1.0
0.5359116022099447,0.8039215686274509,0.03703080250201032,0.06801812658196424,0.06968384800318586,0.0,4.163336342344337e-17,1.0,0.0,1.0
0.0,0.9117647058823528,0.011186273614600143,0.02848363135720765,0.10652195110759312,1.0,4.163336342344337e-17,1.0,0.0,1.0
0.3425414364640884,0.8137254901960784,0.03510828601640604,0.11458937802708782,0.06433885286227238,1.0,4.163336342344337e-17,1.0,0.0,1.0
0.0,0.8627450980392157,0.04147301404320236,0.10538532433693264,0.08123442101485259,0.0,4.163336342344337e-17,1.0,0.0,1.0
0.0,0.8725490196078431,0.016788851758900405,0.05512277990573985,0.1672082950260326,0.0,4.163336342344337e-17,2.7755575615628914e-17,0.0,1.0
0.0,0.8431372549019608,0.011186273614600143,0.032848999283170435,0.10652195110759312,0.0,4.163336342344337e-17,2.7755575615628914e-17,0.0,1.0
0.06077348066298342,0.8823529411764706,0.09947962332383413,0.1804127959076928,0.06433885286227238,1.0,4.163336342344337e-17,1.0,0.0,1.0
0.4419889502762431,0.8333333333333334,0.027138091166773883,0.06801812658196424,0.12769974286992564,1.0,4.163336342344337e-17,1.0,1.0,1.0
0.0,0.7941176470588235,0.010054916176569641,0.011954141526774565,0.040202385459122233,1.0,4.163336342344337e-17,2.7755575615628914e-17,1.0,1.0
0.0,0.7843137254901961,0.011186273614600143,0.023470565336825417,0.06968384800318586,1.0,4.163336342344337e-17,2.7755575615628914e-17,1.0,1.0
0.005524861878453039,0.8235294117647058,0.013870353938961563,0.048530033917520116,0.14295608631310874,1.0,4.163336342344337e-17,2.7755575615628914e-17,1.0,1.0
0.42541436464088395,0.8627450980392157,0.05940595245487474,0.1804127959076928,0.08718331948534655,1.0,4.163336342344337e-17,1.0,1.0,1.0
