PRCP,TMAX,5 second wind speed squared,2 min wind speed squared,Avg Wind Speed Squared,Fog/Ice,Heavy/Freezing Fog,Thunder,Smoke/Haze,Power Outage
0.04385964912280702,0.5457516339869279,0.03807108024033281,0.086041914329577,0.3839089293587656,0.5,4.163336342344337e-17,2.0816681711721685e-17,0.33333333333333337,0.0
0.18421052631578946,0.392156862745098,0.7574749558265763,0.3711193298627242,0.2634697684626358,1.0,4.163336342344337e-17,1.0,0.0,0.0
0.0017543859649122773,0.7254901960784313,0.20539776956810132,0.1283970079085753,0.05096354530124325,1.0,0.3333333333333333,3.4694469519536136e-17,0.6666666666666666,0.0
0.041541353383458636,0.4496673669467785,0.012645606251796832,0.03510817934080489,0.15319142649761722,0.28571428571428603,0.03571428571428596,0.05357142857142862,0.1071428571428572,0.0
0.005263157894736839,0.8431372549019608,0.44662923581595737,0.054332425129395,0.01211358075853331,1.0,4.163336342344337e-17,2.7755575615628914e-17,0.0,0.0
0.03157894736842105,0.3627450980392157,0.9570761993873282,0.5158748126594109,0.03826669535672637,1.0,4.163336342344337e-17,2.7755575615628914e-17,0.0,0.0
0.05,0.8137254901960784,0.1096363536561713,0.10463701231621532,0.034760336850726485,0.5,0.5,2.7755575615628914e-17,0.0,0.0
0.008421052631578966,0.347222222222222,0.0018924587666294434,0.003505237323500717,0.028794885349767083,0.3500000000000001,0.03333333333333338,5.551115123125783e-17,0.2666666666666667,0.0
0.24210526315789474,0.6078431372549019,0.538833019237217,0.059994991051503264,0.17799607289482094,1.0,4.163336342344337e-17,2.7755575615628914e-17,0.0,0.0
0.1894736842105263,0.4705882352941176,0.21389075954315093,0.5903769329073202,0.16112227176229918,1.0,4.163336342344337e-17,1.0,0.0,0.0
0.31052631578947365,0.5588235294117647,0.4769101593369692,1.0000000000000002,0.2634697684626358,1.0,4.163336342344337e-17,2.7755575615628914e-17,0.0,0.0
0.08401559454191035,0.4876543209876544,0.02905512747594257,0.06918507041330409,0.2516162585390637,0.2962962962962963,0.037037037037037056,0.037037037037037084,0.07407407407407413,0.0
0.0,0.5294117647058824,0.2871073580888893,0.03657255928278273,0.08406207924055532,0.5,0.5,2.7755575615628914e-17,0.0,0.0
0.0543859649122807,0.7418300653594772,0.06888972405044053,0.07424013552222006,0.0958502062830277,0.3333333333333333,4.163336342344337e-17,0.33333333333333337,0.6666666666666666,0.0
0.19473684210526315,0.4117647058823529,1.0,0.17034242953361295,0.16926828700113472,1.0,4.163336342344337e-17,2.7755575615628914e-17,0.0,0.0
0.06363636363636363,0.44830659536541895,0.049773857508630594,0.13795923484958522,0.4458645565763091,0.2727272727272727,0.09090909090909094,2.0816681711721685e-17,0.0909090909090909,0.0
1.0,0.38235294117647056,0.3917430645407377,0.12164964238522745,0.6354613224687103,1.0,4.163336342344337e-17,2.7755575615628914e-17,0.0,0.0
0.036266447368421065,0.6878829656862743,0.010061343414246544,0.02680095280261328,0.08148417890847405,0.30468750000000033,0.1328125000000001,0.039062500000000035,0.12499999999999985,0.0
0.049924812030075184,0.6184873949579832,0.021946203891374392,0.057151032423956825,0.15622147651809984,0.34285714285714314,0.057142857142857134,0.08571428571428574,0.15714285714285722,0.0
0.2,0.4019607843137255,0.7574749558265763,1.0000000000000002,0.13753246278210615,1.0,4.163336342344337e-17,2.7755575615628914e-17,1.0,0.0
0.0,0.5098039215686274,0.8730291108639139,0.18934964381761268,0.5127428616618044,0.0,4.163336342344337e-17,2.7755575615628914e-17,0.0,0.0
0.03157894736842105,0.5882352941176471,0.2311392959375716,0.028257636336553062,0.08360056570912572,1.0,4.163336342344337e-17,2.7755575615628914e-17,1.0,0.0
0.017543859649122806,0.7418300653594772,0.16633447225233566,0.035815057262899574,0.046820719754039286,0.6666666666666666,4.163336342344337e-17,3.4694469519536136e-17,0.33333333333333337,0.0
0.8105263157894737,0.7254901960784313,0.5074024767120913,0.5019127231544975,0.026944134691247755,1.0,4.163336342344337e-17,1.0,0.0,0.0
0.0,0.7875816993464052,0.20539776956810132,0.21668571380522625,0.02122178921483986,0.6666666666666666,0.6666666666666665,3.4694469519536136e-17,0.33333333333333337,0.0
0.14052631578947372,0.6627450980392157,0.05904657921864227,0.17693555698837538,0.4946393522585555,0.3,2.7755575615628914e-17,0.10000000000000003,2.7755575615628914e-17,0.0
0.014593301435406731,0.7321746880570408,0.004628449022656578,0.014538825663922169,0.0392113443042284,0.3712121212121215,0.18181818181818188,0.03030303030303041,0.1818181818181817,0.0
0.1526315789473684,0.4019607843137255,0.5712017869123466,0.3289705388667467,0.01211358075853331,1.0,1.0,2.7755575615628914e-17,0.0,0.0
0.0,0.7990196078431372,0.1354286761216534,0.1386626391057497,0.07386913858913158,0.75,0.2500000000000001,2.7755575615628914e-17,0.5,0.0
0.4894736842105264,0.7352941176470588,0.3519505903662034,0.08205274589960175,0.0955732504836339,1.0,4.163336342344337e-17,2.7755575615628914e-17,0.0,0.0
0.0,0.7647058823529411,0.9570761993873282,0.2014330109847326,0.017456184822835827,0.0,4.163336342344337e-17,2.7755575615628914e-17,0.0,0.0
0.02456140350877193,0.6666666666666666,0.054185781314152505,0.01792246356962819,0.0400513551160273,0.7777777777777777,0.3333333333333333,2.0816681711721685e-17,0.33333333333333337,0.0
0.07894736842105263,0.38235294117647056,0.7461810705834062,0.667813731842134,0.16112227176229918,1.0,4.163336342344337e-17,2.7755575615628914e-17,0.0,0.0
0.04140350877192982,0.6483660130718955,0.028591136046551124,0.02676492470860128,0.07584702258552067,0.4,0.0666666666666667,3.4694469519536136e-17,0.13333333333333333,0.0
0.9526315789473684,0.8823529411764706,0.19416457576432206,0.3711193298627242,0.0563635022389077,1.0,4.163336342344337e-17,1.0,1.0,0.0
0.0,0.8137254901960784,0.21389075954315093,0.9049639285800012,0.005692442968799965,1.0,1.0,2.7755575615628914e-17,0.0,0.0
0.0,0.8088235294117647,0.17952210632171658,0.1750348355599754,0.1678583054351111,1.0,0.5,0.5,0.0,0.0
0.14210526315789473,0.5,0.5159523465868597,0.7499436701063305,0.17799607289482094,1.0,4.163336342344337e-17,2.7755575615628914e-17,0.0,0.0
0.2087719298245614,0.8464052287581699,0.0903812370880734,0.06326063383486535,0.051537142149914034,1.0,0.3333333333333333,0.6666666666666666,0.6666666666666666,0.0
0.02073684210526317,0.4603921568627452,0.015861219025871003,0.05719805600391605,0.19844355200103966,0.3000000000000001,0.04,0.040000000000000015,0.14000000000000007,0.0
0.34210526315789475,0.7745098039215687,0.08815686162827283,0.25957074103350064,0.1952951162938492,0.0,4.163336342344337e-17,2.7755575615628914e-17,0.0,0.0
0.050105263157894736,0.6741176470588236,0.018373434143149816,0.009404943664973232,0.021514536807773148,0.3200000000000001,0.16000000000000006,2.7755575615628914e-17,8.326672684688674e-17,0.0
0.09394736842105264,0.5509803921568628,0.033411306847410005,0.10601877519720844,0.2819425499945747,0.35,0.2,4.163336342344337e-17,0.15000000000000002,0.0
0.005263157894736839,0.7745098039215687,0.19852116560929264,0.011127677784306362,0.007689916854000099,1.0,1.0,2.7755575615628914e-17,0.0,0.0
0.015789473684210523,0.7450980392156863,0.7660007836818761,0.12164964238522745,0.005692442968799965,0.0,4.163336342344337e-17,2.7755575615628914e-17,0.0,0.0
0.0017543859649122773,0.6601307189542484,0.12854745433593442,0.03581505726289956,0.0840313593523294,0.6666666666666666,0.3333333333333333,3.4694469519536136e-17,0.0,0.0
0.0,0.3333333333333333,0.44662923581595737,0.23499042379585905,0.145076068505487,1.0,4.163336342344337e-17,2.7755575615628914e-17,0.0,0.0
0.0,0.3529411764705882,0.2781237056799237,0.22431206521547306,0.20465269395369254,0.0,4.163336342344337e-17,2.7755575615628914e-17,0.0,0.0
0.2087719298245614,0.6405228758169934,0.07483181666713097,0.21668571380522625,0.4811422458200007,0.3333333333333333,0.33333333333333337,0.33333333333333337,0.33333333333333337,0.0
0.0,0.7647058823529411,0.5074024767120913,0.011127677784306362,0.0024735980951762146,1.0,1.0,2.7755575615628914e-17,1.0,0.0
0.0,0.3529411764705882,0.3978940099850905,0.31362837307778674,0.08944126108751266,1.0,4.163336342344337e-17,2.7755575615628914e-17,1.0,0.0
0.1333333333333333,0.6633986928104576,0.03820797804021486,0.10540465836121148,0.1996216651637081,0.5833333333333333,0.08333333333333337,0.25,0.16666666666666666,0.0
0.07578947368421053,0.6346405228758171,0.0443040421998817,0.11809527375937233,0.2946525938245669,0.3333333333333333,0.06666666666666668,0.0666666666666667,0.06666666666666668,0.0
0.09473684210526316,0.5490196078431373,0.5786140587927356,0.17972724158633782,0.6033781114870381,1.0,4.163336342344337e-17,2.7755575615628914e-17,0.0,0.0
0.0,0.8333333333333334,0.9265431278572528,0.34178720905408266,0.04257653901020522,1.0,1.0,2.7755575615628914e-17,1.0,0.0
0.1842105263157895,0.4019607843137255,0.24174710403980154,0.07464565209239954,0.1874639969380922,1.0,0.5,2.7755575615628914e-17,0.0,0.0
0.06418764302059496,0.6089087809036658,0.025838149749994228,0.07114129260700708,0.1913877659604383,0.15217391304347852,0.021739130434782608,0.04347826086956523,0.04347826086956531,0.0
0.042105263157894736,0.4019607843137255,0.12425478107930793,0.25957074103350064,0.03826669535672637,1.0,4.163336342344337e-17,2.7755575615628914e-17,1.0,0.0
0.05350877192982456,0.7516339869281046,0.059587710347085585,0.11378985618021188,0.13484753773965516,0.5,0.16666666666666669,2.0816681711721685e-17,0.5,0.0
0.0,0.7450980392156863,0.2393339596344559,0.22431206521547306,0.10873205670741512,1.0,1.0,2.7755575615628914e-17,0.0,0.0
0.02753036437246963,0.7160633484162897,0.005151270681830078,0.003176416728179206,0.02101190840250457,0.4615384615384616,0.2307692307692308,0.0384615384615385,0.2307692307692308,0.0
0.04300616405879565,0.7099452393570037,0.012373914857016171,0.03298288244682086,0.09006745932446647,0.23423423423423456,0.08108108108108113,0.045045045045045085,0.09009009009009013,0.0
0.20242914979757085,0.4524886877828054,0.03367838977701035,0.06957914870987764,0.30271139455146345,0.3846153846153846,0.07692307692307697,2.7755575615628914e-17,5.551115123125783e-17,0.0
0.04357668364459536,0.719165085388994,0.006417948842589902,0.016782516427276857,0.04966338936809258,0.21505376344086047,0.09677419354838723,0.03225806451612906,0.11827956989247307,0.0
0.00928792569659442,0.5974625144175317,0.009887687818155374,0.0015170946722985054,0.010073927629384522,0.5882352941176472,0.29411764705882354,3.4694469519536136e-17,0.17647058823529413,0.0
0.020095693779904302,0.7130124777183601,0.03696377909975546,0.01529737208507662,0.04448094296594843,0.4545454545454545,0.2727272727272728,0.09090909090909097,0.09090909090909093,0.0
0.17719298245614035,0.6111111111111112,0.23738919481571374,0.1377837754360208,0.23737366616254715,1.0,0.3333333333333333,0.6666666666666666,0.33333333333333337,0.0
0.0,0.892156862745098,0.21113164461374148,0.10484307046489603,0.06309412076512548,1.0,0.5,2.7755575615628914e-17,0.0,0.0
0.032680538555691564,0.3308253533971727,0.021680248231619084,0.06519267696591177,0.3254069463656652,0.2790697674418607,1.3877787807814454e-17,6.938893903907227e-18,0.2325581395348838,0.0
0.07086466165413534,0.6645658263305323,0.019490759772681075,0.034946145562730714,0.1059368266371032,0.42857142857142855,0.035714285714285726,0.14285714285714288,0.14285714285714288,0.0
0.0,0.7091503267973855,0.19416457576432206,0.07175668262708837,0.02327852319484386,0.6666666666666666,0.33333333333333337,3.4694469519536136e-17,0.6666666666666666,0.0
0.021052631578947368,0.3284313725490196,0.14392261898162098,0.07401574479803393,0.2661245185372729,0.5,4.163336342344337e-17,2.7755575615628914e-17,0.0,0.0
0.005263157894736839,0.8823529411764706,0.19852116560929264,0.4813215743468312,0.1157772645989798,1.0,4.163336342344337e-17,2.7755575615628914e-17,1.0,0.0
0.0,0.38235294117647056,0.9570761993873282,0.08205274589960175,0.017456184822835827,1.0,4.163336342344337e-17,2.7755575615628914e-17,1.0,0.0
0.0,0.5049019607843137,0.1683544416807578,0.19539132740117265,0.044845281087999,1.0,4.163336342344337e-17,2.7755575615628914e-17,0.5,0.0
0.03157894736842105,0.4117647058823529,0.5622068464820451,0.12164964238522745,0.061290672604119474,1.0,4.163336342344337e-17,2.7755575615628914e-17,0.0,0.0
0.025263157894736845,0.7215686274509803,0.07947112502396933,0.01810813589434689,0.030587281843667394,1.0,0.9999999999999998,0.20000000000000004,0.2,0.0
0.05218045112781955,0.5112044817927172,0.029369902013768826,0.08461721131887158,0.28287848291354856,0.2571428571428573,0.0,6.938893903907227e-18,0.02857142857142865,0.0
0.0,0.8872549019607843,0.206141459597159,0.6392449794775371,0.0494646054779623,0.0,4.163336342344337e-17,0.5,0.0,0.0
0.0035087719298245545,0.6209150326797386,0.09987685746040306,0.06766974046108433,0.19676108843220474,1.0,4.163336342344337e-17,3.4694469519536136e-17,0.6666666666666666,0.0
0.0,0.8529411764705882,0.9784208215499136,0.2014330109847326,0.01474084640989064,1.0,1.0,2.7755575615628914e-17,0.0,0.0
0.005263157894736839,0.696078431372549,0.5074024767120913,0.10463701231621532,0.017456184822835827,1.0,1.0,2.7755575615628914e-17,0.0,0.0
0.03250773993808049,0.6926182237600923,0.01532713435923137,0.022918758994662516,0.0713747754201676,0.29411764705882365,0.14705882352941174,0.05882352941176475,0.05882352941176479,0.0
0.010526315789473686,0.5261437908496732,0.041753711685884,0.04439030278130593,0.14795011498842425,0.0,4.163336342344337e-17,3.4694469519536136e-17,0.0,0.0
0.06447368421052631,0.5637254901960784,0.06501341263707475,0.186944043259794,0.552710628257134,0.25,4.163336342344337e-17,2.7755575615628914e-17,0.0,0.0
0.013638936049801952,0.355154965211891,0.004664735172668549,0.015729824459352518,0.06187482728577257,0.35483870967741954,0.03225806451612916,6.245004513516506e-17,0.15053763440860224,0.0
0.02030075187969925,0.4852941176470588,0.039083372122788486,0.12379214429515012,0.5633011370027127,0.2857142857142857,1.3877787807814454e-17,0.07142857142857145,0.07142857142857142,0.0
0.02894736842105264,0.7456747404844289,0.0079081879727201,0.023173732768338826,0.06513379793488068,0.2058823529411768,0.029411764705882495,0.0294117647058824,0.08823529411764716,0.0
0.0,0.7843137254901961,0.17952210632171658,0.02767099392038023,0.04257653901020522,0.0,4.163336342344337e-17,2.7755575615628914e-17,0.0,0.0
0.09473684210526316,0.7058823529411764,0.1143957939249247,0.031014855692565367,0.05391319949134405,0.0,4.163336342344337e-17,3.4694469519536136e-17,0.0,0.0
0.022368421052631576,0.7083333333333334,0.13036218701279328,0.07372242358994753,0.08604126423442802,0.75,0.2500000000000001,2.7755575615628914e-17,0.25,0.0
0.0,0.0,0.10924317867924783,0.23499042379585905,0.00398411747721194,1.0,4.163336342344337e-17,2.7755575615628914e-17,1.0,0.0
0.07067669172932331,0.7619047619047619,0.050651311256872736,0.11476162235876387,0.1609840760535299,0.5714285714285714,0.1428571428571429,0.4285714285714287,0.2857142857142857,0.0
0.09615384615384616,0.6625188536953243,0.02568223061516825,0.05476986858491618,0.14974416851194272,0.3461538461538462,0.07692307692307693,0.11538461538461542,0.15384615384615388,0.0
0.04736842105263157,0.4509803921568628,0.3442454163217977,0.17034242953361295,0.4985637600816237,1.0,4.163336342344337e-17,1.0,0.0,0.0
0.05382003395585738,0.5110689437065149,0.033326577171716214,0.08456206152490878,0.31290865941002743,0.3548387096774194,0.09677419354838712,0.03225806451612906,0.1612903225806452,0.0
0.0,0.9215686274509804,0.3442454163217977,0.014440740829642432,0.017456184822835827,0.0,4.163336342344337e-17,2.7755575615628914e-17,0.0,0.0
0.023076923076923068,0.6760935143288085,0.02352024186536212,0.0249932533301744,0.06920305059650471,0.30769230769230765,0.15384615384615385,0.038461538461538484,0.07692307692307697,0.0
0.09172932330827066,0.6820728291316527,0.02623632634837436,0.08191446590150386,0.06985794537894888,0.21428571428571425,0.07142857142857148,0.21428571428571436,0.07142857142857141,0.0
0.05737704918032788,0.5683060109289618,0.01909636257622673,0.05116486863744736,0.1499039505750576,0.3114754098360658,0.11475409836065575,0.04918032786885247,0.11475409836065585,0.0
0.03273427471116816,0.4705882352941177,0.019099850674876424,0.05961292229253117,0.24081497811705124,0.12195121951219536,0.0,0.0,0.04878048780487813,0.0
0.02006578947368423,0.3802083333333329,0.010247066640290162,0.03122066940690602,0.1216311679115714,0.3020833333333336,0.04166666666666676,0.010416666666666734,0.18750000000000008,0.0
0.31052631578947365,0.5294117647058824,0.08523047874633924,0.12164964238522745,0.16926828700113472,1.0,4.163336342344337e-17,2.7755575615628914e-17,0.0,0.0
0.05263157894736842,0.4019607843137255,0.29622001645598045,0.12164964238522745,0.12985746312438431,1.0,1.0,2.7755575615628914e-17,0.0,0.0
0.1263157894736842,0.5686274509803921,0.3917430645407377,0.17972724158633782,0.08944126108751266,1.0,1.0,2.7755575615628914e-17,0.0,0.0
0.053216374269005835,0.5718954248366013,0.05434352041749689,0.14148548908207134,0.4878301902664546,0.1111111111111111,4.163336342344337e-17,2.0816681711721685e-17,0.0,0.0
0.017105263157894773,0.7601381461675576,0.0021857551895575218,0.0035813230671740554,0.01874832889783601,0.3522727272727275,0.2159090909090909,0.011363636363636444,0.13636363636363644,0.0
0.02253000923361035,0.6510147918816651,0.009310426095468814,0.014624118044557531,0.0492333082730889,0.4385964912280703,0.12280701754385966,0.07017543859649128,0.19298245614035087,0.0
0.13052631578947368,0.6916666666666668,0.035959731591571766,0.08654056038332389,0.16149237148886494,0.35,1.3877787807814454e-17,0.20000000000000004,0.15000000000000005,0.0
0.3280701754385965,0.5947712418300654,0.05151916952062621,0.16190431167998695,0.12344259191938885,0.6666666666666666,4.163336342344337e-17,0.5000000000000001,0.5,0.0
0.015280135823429547,0.38235294117647056,0.02521929987879818,0.06566673508883228,0.3204573342115956,0.1935483870967743,0.03225806451612903,1.3877787807814454e-17,0.12903225806451615,0.0
0.0021052631578947385,0.7274509803921568,0.0461689406027298,0.022291189642867276,0.07629557382265006,0.5999999999999999,0.2,2.7755575615628914e-17,0.2,0.0
0.012368421052631605,0.4748366013071895,0.0,0.0,0.013455266768171749,0.3833333333333334,0.2333333333333333,0.016666666666666663,0.23333333333333345,0.0
0.021052631578947368,0.6127450980392157,0.04617900697673505,0.08017549016784868,0.1207005183487304,0.3333333333333333,0.33333333333333337,2.0816681711721685e-17,0.0,0.0
0.05052631578947368,0.6568627450980392,0.053888070746241946,0.062376172618748775,0.10063487996050416,0.0,4.163336342344337e-17,2.7755575615628914e-17,0.0,0.0
0.018623481781376527,0.6639014580191052,0.012461442916688659,0.01739561355356529,0.05051292755824376,0.3076923076923078,0.10256410256410256,0.1025641025641026,0.12820512820512828,0.0
0.005263157894736839,0.7647058823529411,0.203910389509986,0.34178720905408266,0.07751465614534335,1.0,4.163336342344337e-17,2.7755575615628914e-17,1.0,0.0
0.3763157894736842,0.7303921568627451,0.08997745821231919,0.19539132740117265,0.2779683636918713,0.0,4.163336342344337e-17,2.7755575615628914e-17,0.0,0.0
0.015396700706991381,0.3666959321041847,0.00844939700343638,0.024057539312464325,0.09989255501277314,0.2835820895522391,0.05970149253731344,0.014925373134328387,0.17910447761194034,0.0
0.06218836565096955,0.6372549019607845,0.022221368617939483,0.07113726027941537,0.15131491428489752,0.3421052631578949,0.05263157894736842,0.05263157894736845,0.18421052631578955,0.0
0.029824561403508767,0.7941176470588235,0.1906577638026101,0.030798775735941707,0.06169282386816796,0.6666666666666666,0.6666666666666665,3.4694469519536136e-17,0.33333333333333337,0.0
0.05592105263157893,0.6274509803921569,0.03646065586306595,0.12118857811126665,0.2745531431247767,0.12499999999999994,4.163336342344337e-17,2.0816681711721685e-17,0.125,0.0
0.013157894736842105,0.75,0.19852116560929264,0.17984603667561286,0.07781667828368871,1.0,0.5,2.7755575615628914e-17,1.0,0.0
0.0,0.4215686274509804,0.17952210632171658,0.23499042379585905,0.145076068505487,1.0,4.163336342344337e-17,2.7755575615628914e-17,0.0,0.0
0.027631578947368413,0.6397058823529411,0.02781517986819412,0.006104185444316377,0.017742727815728058,0.5,0.25,2.0816681711721685e-17,0.25,0.0
0.0,0.2352941176470588,0.1889043578217541,0.44794162086659706,0.0563635022389077,1.0,4.163336342344337e-17,2.7755575615628914e-17,1.0,0.0
0.09736842105263158,0.6388888888888891,0.045229102878249466,0.1405600606705587,0.20448560773236613,0.5,4.163336342344337e-17,0.1666666666666667,0.33333333333333337,0.0
0.03458646616541353,0.4313725490196079,0.04430647990986967,0.13657654914959655,0.5965857369359152,0.42857142857142855,5.551115123125783e-17,2.0816681711721685e-17,0.14285714285714285,0.0
0.02894736842105263,0.8235294117647058,0.21389075954315093,0.05716370809044913,0.07840079890781604,1.0,0.5,2.7755575615628914e-17,0.5,0.0
0.016563467492260082,0.4449250288350635,0.026005421451819603,0.08022035105849719,0.3107996101623346,0.2352941176470589,0.05882352941176471,1.3877787807814454e-17,0.11764705882352945,0.0
0.0,0.5294117647058824,0.17537661713549682,0.11384876485616925,0.2428993634852783,1.0,4.163336342344337e-17,2.7755575615628914e-17,0.0,0.0
0.0,0.7794117647058824,0.19502781620116533,0.12671016652773834,0.06989186667459528,0.75,0.25,0.25,0.5,0.0
0.014342105263157918,0.4843137254901961,0.012977100254991507,0.04855894712547906,0.1418413664478743,0.25000000000000017,0.125,0.02500000000000001,0.15000000000000005,0.0
0.08684210526315787,0.7254901960784313,0.06693508832126603,0.11774920362069835,0.0994115676931128,1.0,0.5,0.5,0.5,0.0
0.0,0.2549019607843137,0.16102177234043946,0.08205274589960175,0.04257653901020522,1.0,4.163336342344337e-17,2.7755575615628914e-17,0.0,0.0
0.051963241436925635,0.6826953003423591,0.015409229059856694,0.03545552926784508,0.10141878689603806,0.33333333333333354,0.09523809523809523,0.11111111111111112,0.17460317460317468,0.0
0.0,0.7058823529411764,0.2184584500468724,0.0046159469647879285,0.00398411747721194,0.0,4.163336342344337e-17,2.7755575615628914e-17,0.0,0.0
0.0026315789473684162,0.4820261437908496,0.029251861562083974,0.10900774275104302,0.33746628219807,0.0,4.163336342344337e-17,2.0816681711721685e-17,0.0,0.0
0.011842105263157895,0.7720588235294118,0.02435439957790422,0.10924288858619227,0.01361623285212095,0.25,4.163336342344337e-17,0.25,0.0,0.0
0.5736842105263158,0.5098039215686274,0.06437285407567765,0.23499042379585905,0.2956302219127075,1.0,1.0,2.7755575615628914e-17,0.0,0.0
0.0,0.6225490196078431,0.0594632244840838,0.02094623857348903,0.060187464201283264,0.0,4.163336342344337e-17,2.7755575615628914e-17,0.0,0.0
0.016002844950213386,0.3801006889242181,0.006461762505177347,0.0202749194774818,0.0830440399651184,0.310810810810811,0.027027027027027167,7.63278329429795e-17,0.12162162162162173,0.0
0.015067079463364325,0.5786236063052672,0.0029088909042824717,0.011722717238985141,0.035269112210976915,0.3627450980392159,0.11764705882352948,0.029411764705882363,0.11764705882352948,0.0
0.0,0.5098039215686274,0.3978940099850905,0.12164964238522745,0.0,1.0,4.163336342344337e-17,2.7755575615628914e-17,1.0,0.0
0.03233082706766916,0.6638655462184874,0.04105276535171825,0.07586345889382971,0.2278666538104372,0.42857142857142855,0.1428571428571429,0.2857142857142857,0.14285714285714285,0.0
0.0731578947368421,0.5892156862745098,0.04029673598653598,0.1209230124224954,0.2747214417940197,0.25,1.3877787807814454e-17,0.05000000000000004,0.05000000000000005,0.0
0.00947368421052631,0.8372549019607843,0.20480281754485524,0.0617129733672654,0.09533428925996608,0.5999999999999999,0.2,0.2000000000000001,0.6000000000000001,0.0
0.18947368421052632,0.8235294117647058,0.11703660452682588,0.13150670158297148,0.128751547148251,0.0,4.163336342344337e-17,2.7755575615628914e-17,0.0,0.0
0.0,0.1862745098039216,0.14392261898162098,0.17972724158633782,0.16112227176229918,0.0,4.163336342344337e-17,2.7755575615628914e-17,1.0,0.0
0.0824561403508772,0.5326797385620915,0.06335048185753292,0.14683713452360805,0.4948551679877241,0.6666666666666666,4.163336342344337e-17,3.4694469519536136e-17,0.0,0.0
0.03967611336032388,0.40346907993966813,0.035466340185464615,0.10888859041157868,0.4437823451853996,0.23076923076923075,1.3877787807814454e-17,2.7755575615628914e-17,0.07692307692307693,0.0
0.010845295055821382,0.3906714200831849,0.015336729843720044,0.03983049127378074,0.2138607281141092,0.2424242424242425,0.06060606060606062,1.3877787807814454e-17,0.030303030303030387,0.0
0.22392344497607652,0.7798573975044564,0.033112764670843745,0.054194830817238096,0.12335765245016993,0.09090909090909087,0.09090909090909094,0.09090909090909094,2.7755575615628914e-17,0.0
0.14586466165413536,0.7773109243697478,0.08514679241376302,0.026434225997998717,0.06935165106651969,0.42857142857142855,5.551115123125783e-17,2.0816681711721685e-17,0.2857142857142857,0.0
0.051405912040374924,0.6069030351866775,0.015502087644908437,0.0487284229964355,0.1276913065130206,0.4246575342465755,0.09589041095890412,0.12328767123287668,0.2191780821917809,0.0
0.005263157894736839,0.3897058823529412,0.05414759261859376,0.1750348355599754,0.6448386194359625,0.75,4.163336342344337e-17,2.7755575615628914e-17,0.25,0.0
0.044736842105263165,0.6470588235294118,0.14622698790863806,0.11774920362069835,0.09064066497182796,1.0,0.5,2.7755575615628914e-17,0.5,0.0
0.005263157894736839,0.4313725490196079,0.0788974589838139,0.10463701231621532,0.25285260727047804,1.0,4.163336342344337e-17,2.7755575615628914e-17,0.0,0.0
0.0,0.7941176470588235,0.1365340959253414,0.011127677784306362,0.009802845751490551,1.0,1.0,2.7755575615628914e-17,0.0,0.0
0.0,0.38235294117647056,0.032660844005550735,0.10463701231621532,0.4294460550248371,0.0,4.163336342344337e-17,2.7755575615628914e-17,0.0,1.0
0.005263157894736842,0.5686274509803921,0.07612412407947469,0.2014330109847326,0.7712746294660402,0.0,4.163336342344337e-17,2.7755575615628914e-17,0.0,1.0
0.0,0.7549019607843137,0.013286494657973205,0.018812693436170463,0.12985746312438431,0.0,4.163336342344337e-17,2.7755575615628914e-17,0.0,1.0
0.5157894736842105,0.8137254901960784,0.03043226607893245,0.0734291023818611,0.1157772645989798,0.0,4.163336342344337e-17,2.7755575615628914e-17,0.0,1.0
0.005263157894736842,0.7058823529411764,0.03043226607893245,0.0734291023818611,0.1952951162938492,0.0,4.163336342344337e-17,2.7755575615628914e-17,0.0,1.0
0.0,0.7647058823529411,0.022926464878902413,0.0672385582851973,0.21380572211388524,0.0,4.163336342344337e-17,2.7755575615628914e-17,0.0,1.0
0.1368421052631579,0.7843137254901961,0.01204891704604638,0.032040013314827386,0.1227184608069059,0.0,4.163336342344337e-17,2.7755575615628914e-17,0.0,1.0
0.0,0.8627450980392157,0.028661659303659742,0.0734291023818611,0.0563635022389077,0.0,4.163336342344337e-17,2.7755575615628914e-17,0.0,1.0
0.0,0.29411764705882354,0.013286494657973205,0.03770257923693567,0.16926828700113472,0.0,4.163336342344337e-17,2.7755575615628914e-17,0.0,1.0
0.0,0.3431372549019608,0.03043226607893245,0.0734291023818611,0.4701771529447874,0.0,4.163336342344337e-17,2.7755575615628914e-17,0.0,1.0
0.0,0.4215686274509804,0.01807144292299236,0.04773416455349107,0.15281748033842013,0.0,4.163336342344337e-17,2.7755575615628914e-17,0.0,1.0
0.0,0.5196078431372549,0.10924317867924783,0.31362837307778674,1.0,0.0,4.163336342344337e-17,2.7755575615628914e-17,0.0,1.0
0.11052631578947368,0.5686274509803921,0.04850512122623915,0.13983555728658525,0.4701771529447874,0.0,4.163336342344337e-17,2.7755575615628914e-17,0.0,1.0
0.0,0.7549019607843137,0.022926464878902413,0.02767099392038023,0.13753246278210615,0.0,4.163336342344337e-17,2.7755575615628914e-17,0.0,1.0
0.1526315789473684,0.8725490196078431,0.03887629242896624,0.13983555728658525,0.08944126108751266,0.0,4.163336342344337e-17,2.7755575615628914e-17,0.0,1.0
0.0,0.6078431372549019,0.0727989955087895,0.2014330109847326,0.41647177247556605,0.0,4.163336342344337e-17,2.7755575615628914e-17,0.0,1.0
0.0,0.5980392156862745,0.08171829153637207,0.27488210809561164,0.7189060749975326,0.0,4.163336342344337e-17,2.7755575615628914e-17,0.0,1.0
0.03157894736842105,0.4215686274509804,0.01807144292299236,0.059994991051503264,0.1227184608069059,0.0,4.163336342344337e-17,2.7755575615628914e-17,0.0,1.0
0.0,0.4607843137254902,0.004138799445436601,0.014440740829642432,0.01745618482283582,0.0,4.163336342344337e-17,2.7755575615628914e-17,0.0,1.0
0.0,0.0,0.04558489544685247,0.13150670158297148,0.32962528615984577,0.0,4.163336342344337e-17,2.7755575615628914e-17,0.0,1.0
0.005263157894736842,0.3137254901960784,0.007123235008526668,0.02265373465606208,0.08944126108751266,0.0,4.163336342344337e-17,2.7755575615628914e-17,0.0,1.0
0.0,0.3137254901960784,0.01060082516608746,0.032040013314827386,0.12985746312438431,0.0,4.163336342344337e-17,2.7755575615628914e-17,0.0,1.0
0.04736842105263157,0.3725490196078432,0.013286494657973205,0.03770257923693567,0.16926828700113472,0.0,4.163336342344337e-17,2.7755575615628914e-17,0.0,1.0
0.0,0.4509803921568628,0.02656208733516696,0.08205274589960175,0.22315655638363024,0.0,4.163336342344337e-17,2.7755575615628914e-17,0.0,1.0
0.0,0.5882352941176471,0.040905497511208734,0.11384876485616925,0.5277779650941694,0.0,4.163336342344337e-17,2.7755575615628914e-17,0.0,1.0
0.08421052631578947,0.6274509803921569,0.03453700111019888,0.08205274589960175,0.3781776948681372,0.0,4.163336342344337e-17,2.7755575615628914e-17,0.0,1.0
0.3052631578947368,0.8627450980392157,0.009468797883536054,0.02265373465606208,0.06129067260411949,0.0,4.163336342344337e-17,2.7755575615628914e-17,0.0,1.0
0.0,0.7941176470588235,0.05591094280872192,0.032040013314827386,0.08944126108751266,0.0,4.163336342344337e-17,2.7755575615628914e-17,0.0,1.0
0.10526315789473684,0.8039215686274509,0.024897030889269683,0.059994991051503264,0.2428993634852783,0.0,4.163336342344337e-17,2.7755575615628914e-17,0.0,1.0
0.431578947368421,0.8823529411764706,0.040905497511208734,0.10463701231621532,0.22315655638363024,0.0,4.163336342344337e-17,2.7755575615628914e-17,0.0,1.0
0.005263157894736842,0.7352941176470588,0.003135778121010712,0.011127677784306362,0.04257653901020522,0.0,4.163336342344337e-17,2.7755575615628914e-17,0.0,1.0
0.0,0.7254901960784313,0.013286494657973205,0.02265373465606208,0.04690129985996228,0.0,4.163336342344337e-17,2.7755575615628914e-17,0.0,1.0
0.005263157894736842,0.7549019607843137,0.02656208733516696,0.059994991051503264,0.1952951162938492,0.0,4.163336342344337e-17,2.7755575615628914e-17,0.0,1.0
0.24736842105263154,0.6274509803921569,0.043450140035234536,0.08803649854456462,0.5277779650941694,0.0,4.163336342344337e-17,2.7755575615628914e-17,0.0,1.0
0.0,0.3431372549019608,0.01060082516608746,0.02767099392038023,0.16112227176229918,0.0,4.163336342344337e-17,2.7755575615628914e-17,0.0,1.0
0.0,0.3235294117647059,0.0023678994748045127,0.0046159469647879285,0.023626386762847854,0.0,4.163336342344337e-17,2.7755575615628914e-17,0.0,1.0
0.0,0.3333333333333333,0.040905497511208734,0.12164964238522745,0.4566004608800616,0.0,4.163336342344337e-17,2.7755575615628914e-17,0.0,1.0
0.2263157894736842,0.5882352941176471,0.07612412407947469,0.23499042379585905,0.807477438762355,0.0,4.163336342344337e-17,2.7755575615628914e-17,0.0,1.0
0.0,0.6666666666666666,0.01204891704604638,0.018812693436170463,0.007689916854000095,0.0,4.163336342344337e-17,2.7755575615628914e-17,0.0,1.0
0.10526315789473684,0.8529411764705882,0.016206720437359896,0.04773416455349107,0.2415574288557019,0.0,4.163336342344337e-17,2.7755575615628914e-17,0.0,1.0
0.2526315789473684,0.8823529411764706,0.043450140035234536,0.11384876485616925,0.04690129985996228,0.0,4.163336342344337e-17,2.7755575615628914e-17,0.0,1.0
0.005263157894736842,0.696078431372549,0.022926464878902413,0.03770257923693567,0.23314392580963084,0.0,4.163336342344337e-17,2.7755575615628914e-17,0.0,1.0
0.2684210526315789,0.8627450980392157,0.06693508832126603,0.13983555728658525,0.10873205670741512,0.0,4.163336342344337e-17,2.7755575615628914e-17,0.0,1.0
0.03157894736842105,0.7156862745098039,0.016206720437359896,0.04773416455349107,0.10219546390539147,0.0,4.163336342344337e-17,2.7755575615628914e-17,0.0,1.0
0.005263157894736842,0.7647058823529411,0.016206720437359896,0.04773416455349107,0.18654669153955888,0.0,4.163336342344337e-17,2.7755575615628914e-17,0.0,1.0
0.29999999999999993,0.8137254901960784,0.032660844005550735,0.10463701231621532,0.20465269395369254,0.0,4.163336342344337e-17,2.7755575615628914e-17,0.0,1.0
0.07894736842105263,0.6666666666666666,0.006144255703569627,0.014440740829642432,0.06129067260411949,0.0,4.163336342344337e-17,2.7755575615628914e-17,0.0,1.0
0.0,0.7549019607843137,0.007123235008526668,0.011127677784306362,0.07198507626467683,0.0,4.163336342344337e-17,2.7755575615628914e-17,0.0,1.0
0.0,0.8823529411764706,0.02656208733516696,0.0734291023818611,0.21380572211388524,0.0,4.163336342344337e-17,2.7755575615628914e-17,0.0,1.0
0.042105263157894736,0.3333333333333333,0.028661659303659742,0.0672385582851973,0.3182604260473864,0.0,4.163336342344337e-17,2.7755575615628914e-17,0.0,1.0
0.042105263157894736,0.6764705882352942,0.08523047874633924,0.21158339139056304,0.6354613224687103,0.0,4.163336342344337e-17,2.7755575615628914e-17,0.0,1.0
0.0,0.7647058823529411,0.03453700111019888,0.08205274589960175,0.2634697684626358,0.0,4.163336342344337e-17,2.7755575615628914e-17,0.0,1.0
0.0368421052631579,0.696078431372549,0.022926464878902413,0.059994991051503264,0.06665330249356262,0.0,4.163336342344337e-17,2.7755575615628914e-17,0.0,1.0
0.0,0.4607843137254902,0.015010483371105112,0.04773416455349107,0.145076068505487,0.0,4.163336342344337e-17,2.7755575615628914e-17,0.0,1.0
0.0,0.392156862745098,0.03646065586306595,0.04773416455349107,0.07198507626467683,1.0,4.163336342344337e-17,2.7755575615628914e-17,0.0,1.0
0.010526315789473684,0.27450980392156865,0.013286494657973205,0.054332425129395,0.18654669153955888,1.0,4.163336342344337e-17,2.7755575615628914e-17,0.0,1.0
0.0,0.24509803921568624,0.01060082516608746,0.02767099392038023,0.13753246278210615,1.0,4.163336342344337e-17,2.7755575615628914e-17,1.0,1.0
0.0,0.2058823529411765,0.01204891704604638,0.032040013314827386,0.1227184608069059,0.0,4.163336342344337e-17,2.7755575615628914e-17,1.0,1.0
0.0,0.3333333333333333,0.0195253987101388,0.0672385582851973,0.21380572211388524,1.0,4.163336342344337e-17,2.7755575615628914e-17,0.0,1.0
0.12105263157894736,0.3725490196078432,0.02136695876238055,0.0734291023818611,0.13753246278210615,1.0,4.163336342344337e-17,2.7755575615628914e-17,0.0,1.0
0.1526315789473684,0.4607843137254902,0.009468797883536054,0.02767099392038023,0.07198507626467683,1.0,4.163336342344337e-17,2.7755575615628914e-17,0.0,1.0
0.0,0.4411764705882353,0.015010483371105112,0.03770257923693567,0.0563635022389077,0.0,4.163336342344337e-17,2.7755575615628914e-17,0.0,1.0
0.0,0.4117647058823529,0.01204891704604638,0.03770257923693567,0.06665330249356262,0.0,4.163336342344337e-17,2.7755575615628914e-17,0.0,1.0
0.0,0.4607843137254902,0.0613057374212435,0.17034242953361295,0.8629128053095411,0.0,4.163336342344337e-17,2.7755575615628914e-17,0.0,1.0
0.4263157894736842,0.6176470588235294,0.098946450853316,0.25957074103350064,0.6033781114870381,1.0,4.163336342344337e-17,1.0,0.0,1.0
0.02631578947368421,0.6470588235294118,0.0023678994748045127,0.011127677784306362,0.007689916854000095,0.0,4.163336342344337e-17,2.7755575615628914e-17,0.0,1.0
0.0,0.6666666666666666,0.004138799445436601,0.011127677784306362,0.005692442968799972,1.0,1.0,2.7755575615628914e-17,0.0,1.0
0.0,0.6078431372549019,0.013286494657973205,0.03770257923693567,0.16112227176229918,0.0,4.163336342344337e-17,2.7755575615628914e-17,0.0,1.0
0.0,0.7843137254901961,0.10924317867924783,0.11384876485616925,0.15281748033842013,1.0,1.0,2.7755575615628914e-17,0.0,1.0
0.05263157894736842,0.8823529411764706,0.040905497511208734,0.13983555728658525,0.08350707780094371,1.0,4.163336342344337e-17,1.0,1.0,1.0
0.0368421052631579,0.8431372549019608,0.013286494657973205,0.032040013314827386,0.04690129985996228,1.0,4.163336342344337e-17,1.0,1.0,1.0
0.1,0.9117647058823528,0.032660844005550735,0.0734291023818611,0.2738276156537381,1.0,4.163336342344337e-17,1.0,1.0,1.0
0.9263157894736842,0.7647058823529411,0.04558489544685247,0.0734291023818611,0.0306241865785694,1.0,1.0,1.0,1.0,1.0
0.7368421052631579,0.8039215686274509,0.015010483371105112,0.04773416455349107,0.02050644494400024,1.0,4.163336342344337e-17,1.0,0.0,1.0
0.0,0.4607843137254902,0.006144255703569627,0.02265373465606208,0.06665330249356262,0.0,4.163336342344337e-17,2.7755575615628914e-17,0.0,1.0
0.0,0.4117647058823529,0.02136695876238055,0.0672385582851973,0.2634697684626358,1.0,4.163336342344337e-17,2.7755575615628914e-17,0.0,1.0
0.18421052631578946,0.5784313725490196,0.050498849669997126,0.17034242953361295,0.7021105380591829,1.0,4.163336342344337e-17,2.7755575615628914e-17,0.0,1.0
0.3736842105263157,0.7647058823529411,0.0613057374212435,0.18934964381761268,0.23314392580963084,1.0,4.163336342344337e-17,1.0,1.0,1.0
0.0,0.16666666666666666,0.00814971196170265,0.02767099392038023,0.06665330249356262,1.0,4.163336342344337e-17,2.7755575615628914e-17,0.0,1.0
0.0,0.09803921568627452,0.01204891704604638,0.032040013314827386,0.145076068505487,1.0,4.163336342344337e-17,2.7755575615628914e-17,1.0,1.0
0.005263157894736842,0.1764705882352941,0.032660844005550735,0.054332425129395,0.15281748033842013,1.0,1.0,2.7755575615628914e-17,1.0,1.0
0.0,0.1764705882352941,0.08523047874633924,0.25957074103350064,0.8328985890171428,1.0,1.0,2.7755575615628914e-17,1.0,1.0
0.0,0.4215686274509804,0.016206720437359896,0.04773416455349107,0.21380572211388524,0.0,4.163336342344337e-17,2.7755575615628914e-17,0.0,1.0
0.0,0.4901960784313725,0.0195253987101388,0.054332425129395,0.2634697684626358,0.0,4.163336342344337e-17,2.7755575615628914e-17,0.0,1.0
0.0,0.4117647058823529,0.024897030889269683,0.04773416455349107,0.34118795238185745,1.0,4.163336342344337e-17,2.7755575615628914e-17,0.0,1.0
0.042105263157894736,0.4019607843137255,0.05884905350503055,0.13983555728658525,0.9596775923890422,1.0,4.163336342344337e-17,2.7755575615628914e-17,0.0,1.0
0.0,0.4215686274509804,0.050498849669997126,0.13983555728658525,0.7538766830122355,0.0,4.163336342344337e-17,2.7755575615628914e-17,0.0,1.0
0.0,0.9901960784313726,0.0613057374212435,0.04773416455349107,0.12985746312438431,1.0,4.163336342344337e-17,1.0,0.0,1.0
0.0,1.0,0.028661659303659742,0.04773416455349107,0.10219546390539147,1.0,4.163336342344337e-17,2.7755575615628914e-17,1.0,1.0
0.0,0.9019607843137256,0.01204891704604638,0.02767099392038023,0.06129067260411949,1.0,4.163336342344337e-17,2.7755575615628914e-17,1.0,1.0
0.0,1.0,0.016206720437359896,0.0672385582851973,0.08944126108751266,0.0,4.163336342344337e-17,2.7755575615628914e-17,0.0,1.0
0.005263157894736842,0.7058823529411764,0.006144255703569627,0.02265373465606208,0.06665330249356262,0.0,4.163336342344337e-17,2.7755575615628914e-17,0.0,1.0
0.0,0.6078431372549019,0.0195253987101388,0.02265373465606208,0.07198507626467683,0.0,4.163336342344337e-17,2.7755575615628914e-17,0.0,1.0
0.0,0.5588235294117647,0.016206720437359896,0.018812693436170463,0.06665330249356262,0.0,4.163336342344337e-17,2.7755575615628914e-17,0.0,1.0
0.010526315789473684,0.6764705882352942,0.12425478107930793,0.18934964381761268,0.7021105380591829,0.0,4.163336342344337e-17,2.7755575615628914e-17,0.0,1.0
0.005263157894736842,0.3137254901960784,0.02136695876238055,0.032040013314827386,0.08350707780094371,1.0,4.163336342344337e-17,2.7755575615628914e-17,0.0,1.0
0.0,0.3627450980392157,0.01204891704604638,0.03770257923693567,0.12985746312438431,1.0,4.163336342344337e-17,2.7755575615628914e-17,0.0,1.0
0.0,0.3627450980392157,0.1889043578217541,0.21158339139056304,0.881515570794255,0.0,4.163336342344337e-17,2.7755575615628914e-17,0.0,1.0
0.2631578947368421,0.4803921568627451,0.08171829153637207,0.21158339139056304,0.20465269395369254,1.0,4.163336342344337e-17,2.7755575615628914e-17,0.0,1.0
0.0,0.6372549019607843,0.009468797883536054,0.02767099392038023,0.16926828700113472,1.0,4.163336342344337e-17,2.7755575615628914e-17,0.0,1.0
0.0,0.5980392156862745,0.02136695876238055,0.059994991051503264,0.2956302219127075,1.0,4.163336342344337e-17,2.7755575615628914e-17,0.0,1.0
0.0,0.6666666666666666,0.016206720437359896,0.04773416455349107,0.22315655638363024,0.0,4.163336342344337e-17,2.7755575615628914e-17,0.0,1.0
0.0,0.6176470588235294,0.013286494657973205,0.04773416455349107,0.2956302219127075,1.0,4.163336342344337e-17,2.7755575615628914e-17,0.0,1.0
0.0,0.7450980392156863,0.2184584500468724,0.15033792314211938,0.15281748033842013,0.0,4.163336342344337e-17,2.7755575615628914e-17,0.0,1.0
0.0,0.9215686274509804,0.050498849669997126,0.17034242953361295,0.08944126108751266,1.0,1.0,1.0,0.0,1.0
0.005263157894736842,0.8039215686274509,0.14020460862937173,0.02265373465606208,0.05142386681927163,1.0,1.0,1.0,0.0,1.0
0.0,0.7450980392156863,0.00814971196170265,0.02265373465606208,0.023626386762847854,1.0,1.0,2.7755575615628914e-17,1.0,1.0
0.0,0.7647058823529411,0.015010483371105112,0.04773416455349107,0.07198507626467683,1.0,4.163336342344337e-17,2.7755575615628914e-17,0.0,1.0
0.0,0.8137254901960784,0.05355980922188439,0.10463701231621532,0.01745618482283582,1.0,1.0,1.0,0.0,1.0
0.0,0.8725490196078431,0.098946450853316,0.011127677784306362,0.01474084640989064,1.0,1.0,2.7755575615628914e-17,0.0,1.0
0.05263157894736842,0.892156862745098,0.024897030889269683,0.04773416455349107,0.02050644494400024,1.0,1.0,1.0,0.0,1.0
0.0,0.9117647058823528,0.19852116560929264,0.08803649854456462,0.01211358075853331,1.0,1.0,1.0,1.0,1.0
0.0,0.9901960784313726,0.03453700111019888,0.059994991051503264,0.21380572211388524,1.0,4.163336342344337e-17,2.7755575615628914e-17,0.0,1.0
0.0,0.9411764705882352,0.05884905350503055,0.054332425129395,0.03434653791287173,1.0,1.0,2.7755575615628914e-17,1.0,1.0
0.0,0.9215686274509804,0.006144255703569627,0.011127677784306362,0.01474084640989064,1.0,1.0,2.7755575615628914e-17,1.0,1.0
0.0736842105263158,0.931372549019608,0.024897030889269683,0.0672385582851973,0.05142386681927163,1.0,4.163336342344337e-17,1.0,1.0,1.0
0.0,0.8725490196078431,0.024897030889269683,0.032040013314827386,0.10873205670741512,1.0,1.0,2.7755575615628914e-17,0.0,1.0
0.2842105263157895,0.8039215686274509,0.14020460862937173,0.25957074103350064,0.04257653901020522,1.0,1.0,1.0,1.0,1.0
0.0,0.8725490196078431,0.0195253987101388,0.059994991051503264,0.08350707780094371,0.0,4.163336342344337e-17,2.7755575615628914e-17,0.0,1.0
0.0,0.8627450980392157,0.005012228421018221,0.011127677784306362,0.03434653791287173,1.0,1.0,2.7755575615628914e-17,0.0,1.0
0.0,0.8431372549019608,0.005012228421018221,0.0046159469647879285,0.01211358075853331,1.0,4.163336342344337e-17,2.7755575615628914e-17,0.0,1.0
0.005263157894736842,0.8627450980392157,0.01204891704604638,0.018812693436170463,0.04690129985996228,1.0,4.163336342344337e-17,2.7755575615628914e-17,1.0,1.0
0.32631578947368417,0.9509803921568628,0.05355980922188439,0.12164964238522745,0.1157772645989798,1.0,4.163336342344337e-17,1.0,1.0,1.0
0.015789473684210523,0.7647058823529411,0.015010483371105112,0.032040013314827386,0.023626386762847854,1.0,4.163336342344337e-17,1.0,0.0,1.0
0.15789473684210525,0.6666666666666666,0.013286494657973205,0.03770257923693567,0.07198507626467683,1.0,4.163336342344337e-17,2.7755575615628914e-17,0.0,1.0
0.32105263157894737,0.8235294117647058,0.03887629242896624,0.08803649854456462,0.03826669535672637,1.0,4.163336342344337e-17,1.0,1.0,1.0
0.010526315789473684,0.696078431372549,0.01204891704604638,0.032040013314827386,0.17799607289482094,0.0,4.163336342344337e-17,1.0,0.0,1.0
0.0,0.3431372549019608,0.01204891704604638,0.04773416455349107,0.17799607289482094,0.0,4.163336342344337e-17,2.7755575615628914e-17,0.0,1.0
0.04736842105263157,0.3333333333333333,0.0195253987101388,0.04773416455349107,0.3065904786192644,1.0,4.163336342344337e-17,2.7755575615628914e-17,0.0,1.0
0.0,0.2549019607843137,0.003135778121010712,0.011127677784306362,0.0306241865785694,1.0,4.163336342344337e-17,2.7755575615628914e-17,0.0,1.0
0.0,0.2352941176470588,0.01204891704604638,0.02767099392038023,0.10873205670741512,0.0,4.163336342344337e-17,2.7755575615628914e-17,0.0,1.0
0.05789473684210526,0.2647058823529412,0.0195253987101388,0.04773416455349107,0.2634697684626358,1.0,4.163336342344337e-17,2.7755575615628914e-17,0.0,1.0
0.3684210526315789,0.3137254901960784,0.01060082516608746,0.02265373465606208,0.0955732504836339,1.0,1.0,2.7755575615628914e-17,0.0,1.0
0.0,0.22549019607843135,0.00814971196170265,0.02265373465606208,0.07198507626467683,1.0,4.163336342344337e-17,2.7755575615628914e-17,0.0,1.0
0.0,0.2058823529411765,0.022926464878902413,0.059994991051503264,0.2738276156537381,0.0,4.163336342344337e-17,2.7755575615628914e-17,0.0,1.0
0.0,0.14705882352941174,0.03453700111019888,0.08205274589960175,0.5879941908759481,0.0,4.163336342344337e-17,2.7755575615628914e-17,1.0,1.0
0.2894736842105263,0.3529411764705882,0.040905497511208734,0.12164964238522745,0.2738276156537381,1.0,4.163336342344337e-17,2.7755575615628914e-17,1.0,1.0
0.005263157894736842,0.5294117647058824,0.0788974589838139,0.2014330109847326,0.5127428616618044,0.0,4.163336342344337e-17,2.7755575615628914e-17,0.0,1.0
0.0,0.6764705882352942,0.06437285407567765,0.18934964381761268,0.5879941908759481,0.0,4.163336342344337e-17,2.7755575615628914e-17,0.0,1.0
0.24210526315789474,0.7549019607843137,0.050498849669997126,0.04773416455349107,0.0563635022389077,1.0,4.163336342344337e-17,1.0,1.0,1.0
0.0,0.8627450980392157,0.022926464878902413,0.0672385582851973,0.1157772645989798,0.0,4.163336342344337e-17,2.7755575615628914e-17,0.0,1.0
0.0,0.7450980392156863,0.00814971196170265,0.02265373465606208,0.10873205670741512,0.0,4.163336342344337e-17,2.7755575615628914e-17,0.0,1.0
0.0,0.8039215686274509,0.01060082516608746,0.02767099392038023,0.13753246278210615,1.0,4.163336342344337e-17,2.7755575615628914e-17,0.0,1.0
0.16842105263157894,0.7254901960784313,0.00814971196170265,0.0012720851926027869,0.007689916854000095,1.0,1.0,2.7755575615628914e-17,1.0,1.0
0.0,0.8431372549019608,0.006144255703569627,0.018812693436170463,0.0563635022389077,1.0,4.163336342344337e-17,2.7755575615628914e-17,0.0,1.0
0.0,0.8431372549019608,0.00814971196170265,0.02767099392038023,0.05142386681927163,1.0,1.0,2.7755575615628914e-17,1.0,1.0
0.0,0.8039215686274509,0.02656208733516696,0.014440740829642432,0.005692442968799972,0.0,4.163336342344337e-17,2.7755575615628914e-17,0.0,1.0
0.5105263157894736,0.8039215686274509,0.03646065586306595,0.0672385582851973,0.07198507626467683,0.0,4.163336342344337e-17,1.0,0.0,1.0
0.0,0.9117647058823528,0.01060082516608746,0.02767099392038023,0.10873205670741512,1.0,4.163336342344337e-17,1.0,0.0,1.0
0.32631578947368417,0.8137254901960784,0.03453700111019888,0.11384876485616925,0.06665330249356262,1.0,4.163336342344337e-17,1.0,0.0,1.0
0.0,0.8627450980392157,0.040905497511208734,0.10463701231621532,0.08350707780094371,0.0,4.163336342344337e-17,1.0,0.0,1.0
0.0,0.8725490196078431,0.016206720437359896,0.054332425129395,0.16926828700113472,0.0,4.163336342344337e-17,2.7755575615628914e-17,0.0,1.0
0.0,0.8431372549019608,0.01060082516608746,0.032040013314827386,0.10873205670741512,0.0,4.163336342344337e-17,2.7755575615628914e-17,0.0,1.0
0.05789473684210526,0.8823529411764706,0.098946450853316,0.17972724158633782,0.06665330249356262,1.0,4.163336342344337e-17,1.0,0.0,1.0
0.42105263157894735,0.8333333333333334,0.02656208733516696,0.0672385582851973,0.12985746312438431,1.0,4.163336342344337e-17,1.0,1.0,1.0
0.0,0.7941176470588235,0.009468797883536054,0.011127677784306362,0.04257653901020522,1.0,4.163336342344337e-17,2.7755575615628914e-17,1.0,1.0
0.0,0.7843137254901961,0.01060082516608746,0.02265373465606208,0.07198507626467683,1.0,4.163336342344337e-17,2.7755575615628914e-17,1.0,1.0
0.005263157894736842,0.8235294117647058,0.013286494657973205,0.04773416455349107,0.145076068505487,1.0,4.163336342344337e-17,2.7755575615628914e-17,1.0,1.0
0.4052631578947368,0.8627450980392157,0.05884905350503055,0.17972724158633782,0.08944126108751266,1.0,4.163336342344337e-17,1.0,1.0,1.0
